0.0014678 0.7414799 0.2570523
0.0000994 0.7538953 0.2460053
0.0000991 0.7764523 0.2234486
0.0000995 0.7112370 0.2886636
0.0000991 0.7980035 0.2018974
0.0000992 0.7899230 0.2099779
0.0000989 0.7975810 0.2023201
0.0000990 0.8108127 0.1890883
0.0000994 0.8174701 0.1824305
0.0000996 0.8148703 0.1850301
0.0000998 0.8311591 0.1687411
0.0000996 0.8501331 0.1497673
0.0000992 0.8113581 0.1885427
0.0000996 0.8151903 0.1847102
0.0000997 0.7011796 0.2987207
0.0000995 0.7155798 0.2843207
0.5536901 0.4462103 0.0000996
0.4654026 0.5344978 0.0000996
0.4446830 0.5552174 0.0000996
0.4883713 0.5115291 0.0000996
0.5322168 0.4676835 0.0000996
0.4247296 0.5751709 0.0000996
0.4920096 0.5078909 0.0000996
0.4879830 0.5119174 0.0000996
0.0000994 0.2621229 0.7377777
0.0067093 0.2401137 0.7531770
0.0000998 0.2772351 0.7226651
0.0107439 0.2259078 0.7633483
0.0000997 0.2094593 0.7904409
0.0000991 0.1575441 0.8423568
0.0000984 0.1931195 0.8067821
0.0000995 0.1853571 0.8145434
0.0000992 0.2153629 0.7845379
0.0635889 0.2591065 0.6773047
0.0609083 0.1971170 0.7419747
0.0000990 0.2415002 0.7584008
0.0108914 0.2265624 0.7625461
0.0076178 0.2188803 0.7735020
0.0000998 0.2588980 0.7410022
0.0011561 0.2389926 0.7598512
0.1157673 0.3054662 0.5787665
0.0740938 0.2060089 0.7198973
0.0182118 0.1481894 0.8335989
0.1208972 0.2532651 0.6258377
0.0938727 0.3207087 0.5854186
0.0217951 0.2511860 0.7270190
0.0807291 0.2087342 0.7105367
0.0211940 0.0296190 0.9491870
0.4626828 0.0763425 0.4609748
0.1821490 0.1726790 0.6451721
0.2589228 0.1337623 0.6073150
0.3001169 0.1542783 0.5456048
0.2234005 0.0985228 0.6780767
0.1868633 0.1976361 0.6155006
0.1774311 0.0885270 0.7340419
0.3005541 0.1339410 0.5655049
0.2945668 0.0402955 0.6651377
0.2584525 0.1051110 0.6364365
0.0134274 0.0666655 0.9199071
0.2128953 0.1217194 0.6653853
0.0000998 0.0601543 0.9397459
0.0073184 0.0036116 0.9890701
0.0120111 0.0019790 0.9860099
0.1242382 0.1222552 0.7535066
0.1476521 0.0480789 0.8042690
0.1075078 0.1401029 0.7523893
0.2068616 0.0290838 0.7640545
0.0187865 0.0342974 0.9469161
0.1725542 0.0001001 0.8273457
0.0344718 0.1965432 0.7689850
0.2154014 0.0414100 0.7431886
0.3616249 0.0605727 0.5778024
0.3335419 0.0706536 0.5958045
0.2171283 0.1975993 0.5852724
0.2313178 0.1102701 0.6584120
0.2130959 0.1465330 0.6403711
0.2856946 0.1243614 0.5899439
0.4037229 0.0420665 0.5542106
0.2876173 0.1335051 0.5788776
0.7286310 0.0001002 0.2712688
0.7459068 0.0001004 0.2539928
0.2578872 0.0261642 0.7159486
0.2993615 0.0755138 0.6251247
0.2044220 0.0950816 0.7004964
0.4604448 0.0001001 0.5394551
0.3380103 0.0377013 0.6242884
0.9804292 0.0001002 0.0194706
0.3239358 0.0402876 0.6357766
0.5140544 0.0001000 0.4858457
0.3731108 0.0001006 0.6267886
0.3794292 0.0001006 0.6204702
0.2606214 0.0769978 0.6623809
0.7630063 0.0494108 0.1875829
0.3069157 0.0284550 0.6646293
0.8552321 0.0001003 0.1446677
