0.8842023 0.1452154 0.1030282 0.1307185 0.1085160 0.1023428 0.1038080 0.1121758 0.1055175 0.1026298 0.1046335 0.1124319 0.1004330 0.0991106 0.0925200 0.0948369 -0.0141999 0.0076862 0.0093801 0.0026328 0.0004900 0.0252322 0.0034935 0.0068906 0.0189497 0.0131900 0.0180712 0.0039501 0.0071241 0.0022227 0.0158213 0.0044707 0.0131056 0.0140284 0.0011638 0.0181128 0.0093282 0.0087026 0.0165381 0.0108155 0.0033978 -0.0027621 -0.0040021 -0.0016862 0.0143293 0.0100425 -0.0003111 -0.0197243 -0.0645264 -0.0179384 -0.0337247 -0.0373474 -0.0363395 -0.0165353 -0.0331080 -0.0371496 -0.0520128 -0.0411885 -0.0139285 -0.0298484 -0.0113439 -0.0263757 -0.0276191 -0.0143412 -0.0382464 -0.0137678 -0.0446838 -0.0195216 -0.0478939 0.0011271 -0.0408619 -0.0571352 -0.0531690 -0.0179882 -0.0364306 -0.0297556 -0.0351764 -0.0622151 -0.0388453 -0.1168096 -0.1230377 -0.0514477 -0.0469350 -0.0332401 -0.0810148 -0.0599916 -0.1516634 -0.0541004 -0.0841607 -0.0848054 -0.0854722 -0.0414038 -0.1054066 -0.0529622 -0.1415028
0.1452154 0.8851625 0.1047388 0.1406941 0.1102663 0.1095699 0.1101405 0.1143355 0.1084316 0.1064177 0.1107274 0.1135954 0.1082878 0.1035865 0.0943130 0.1000480 -0.0214594 0.0089758 0.0120879 0.0046064 -0.0074181 0.0212908 0.0040944 -0.0016922 0.0197828 0.0139877 0.0203945 0.0064437 0.0092451 0.0051786 0.0166949 0.0086507 0.0123902 0.0155234 0.0011664 0.0192777 0.0088678 0.0125697 0.0197664 0.0152825 0.0060758 -0.0023663 -0.0038053 0.0014675 0.0125041 0.0117652 -0.0063024 -0.0236552 -0.0683328 -0.0139580 -0.0356989 -0.0396570 -0.0383281 -0.0187746 -0.0330865 -0.0390496 -0.0564410 -0.0413554 -0.0135778 -0.0301238 -0.0143605 -0.0250137 -0.0260187 -0.0151984 -0.0345366 -0.0144467 -0.0417375 -0.0222832 -0.0505346 0.0017520 -0.0430437 -0.0601540 -0.0547113 -0.0214420 -0.0372958 -0.0251007 -0.0398409 -0.0667377 -0.0383672 -0.1253979 -0.1293602 -0.0533341 -0.0498051 -0.0380222 -0.0883982 -0.0602605 -0.1580632 -0.0522868 -0.0901182 -0.0889511 -0.0907446 -0.0417536 -0.1126196 -0.0523014 -0.1455649
0.1030282 0.1047388 0.8836961 0.1016741 0.1574321 0.1489305 0.1685682 0.1583010 0.1118169 0.1110575 0.1143787 0.1157160 0.1119850 0.1079620 0.1005603 0.1031505 -0.0150105 0.0041089 0.0139254 -0.0010839 -0.0041720 0.0222084 0.0026506 -0.0009349 0.0178034 0.0128982 0.0230185 0.0108947 0.0089265 0.0079766 0.0200544 0.0067293 0.0165484 0.0166032 0.0040934 0.0242608 0.0144319 0.0087303 0.0188584 0.0175206 0.0101722 0.0015799 -0.0050711 -0.0019169 0.0170497 0.0170729 -0.0027881 -0.0235020 -0.0748820 -0.0206325 -0.0326220 -0.0427998 -0.0378702 -0.0202812 -0.0357584 -0.0406534 -0.0549583 -0.0448410 -0.0184250 -0.0329292 -0.0137956 -0.0287763 -0.0283347 -0.0221463 -0.0421885 -0.0213916 -0.0467529 -0.0230279 -0.0530850 -0.0022520 -0.0455818 -0.0605099 -0.0575082 -0.0199219 -0.0351526 -0.0306719 -0.0414121 -0.0708021 -0.0407404 -0.1328011 -0.1419254 -0.0548674 -0.0493222 -0.0390966 -0.0917900 -0.0610204 -0.1633771 -0.0647810 -0.0947995 -0.0906124 -0.0924710 -0.0461271 -0.1206404 -0.0567621 -0.1555064
0.1307185 0.1406941 0.1016741 0.8947956 0.1031802 0.1029423 0.1003977 0.1091295 0.1037817 0.0973706 0.1046555 0.1055296 0.0974716 0.0980516 0.0901648 0.0945729 -0.0188097 0.0026746 0.0093746 -0.0025151 -0.0095635 0.0175424 0.0010751 0.0009440 0.0215270 0.0130409 0.0220773 0.0118129 0.0113936 0.0069954 0.0182003 0.0085967 0.0164346 0.0156942 0.0037856 0.0194876 0.0112969 0.0148996 0.0194281 0.0150728 0.0072936 0.0016268 0.0033567 0.0021623 0.0173192 0.0139043 -0.0024000 -0.0180198 -0.0653637 -0.0141586 -0.0294425 -0.0389355 -0.0350357 -0.0170980 -0.0284821 -0.0386932 -0.0504526 -0.0369840 -0.0107268 -0.0252835 -0.0122226 -0.0244489 -0.0238398 -0.0131803 -0.0316011 -0.0151596 -0.0449366 -0.0162799 -0.0475670 0.0051870 -0.0407613 -0.0546419 -0.0544155 -0.0175352 -0.0337302 -0.0268046 -0.0367215 -0.0625014 -0.0364982 -0.1230266 -0.1274618 -0.0507785 -0.0424521 -0.0315939 -0.0851289 -0.0601742 -0.1572318 -0.0534132 -0.0879292 -0.0837921 -0.0836056 -0.0392486 -0.1114715 -0.0510568 -0.1429174
0.1085160 0.1102663 0.1574321 0.1031802 0.9007006 0.1687835 0.1717118 0.1691745 0.1164828 0.1134334 0.1174817 0.1209241 0.1141705 0.1120537 0.0999978 0.1070856 -0.0171798 0.0121639 0.0144674 0.0056250 -0.0004427 0.0278107 0.0086989 0.0045210 0.0221245 0.0124538 0.0233373 0.0068800 0.0080786 0.0046721 0.0191472 0.0065292 0.0140517 0.0161098 -0.0016167 0.0226804 0.0092344 0.0098545 0.0213798 0.0133800 0.0133537 -0.0000269 -0.0071941 -0.0001885 0.0168068 0.0126045 -0.0026777 -0.0283452 -0.0717476 -0.0190572 -0.0375551 -0.0395563 -0.0419920 -0.0194639 -0.0371027 -0.0428602 -0.0577419 -0.0459486 -0.0188539 -0.0394616 -0.0152437 -0.0269070 -0.0296200 -0.0216179 -0.0375198 -0.0174020 -0.0485191 -0.0282014 -0.0541348 0.0027103 -0.0472623 -0.0645769 -0.0617924 -0.0195704 -0.0364018 -0.0311441 -0.0433767 -0.0728238 -0.0417022 -0.1345526 -0.1443336 -0.0565206 -0.0535929 -0.0405952 -0.0912822 -0.0623647 -0.1637378 -0.0627524 -0.0942635 -0.0929554 -0.0943710 -0.0453420 -0.1194847 -0.0625101 -0.1533227
0.1023428 0.1095699 0.1489305 0.1029423 0.1687835 0.8897558 0.1637239 0.1614498 0.1140947 0.1112526 0.1152034 0.1205252 0.1102758 0.1098316 0.0993081 0.1061621 -0.0158505 0.0066209 0.0138239 0.0029589 -0.0033200 0.0238220 0.0055906 0.0024199 0.0231958 0.0163292 0.0228409 0.0079152 0.0109231 0.0077566 0.0149982 0.0059255 0.0179142 0.0158194 -0.0026539 0.0199021 0.0055381 0.0060985 0.0137067 0.0139262 0.0110810 -0.0003634 -0.0032836 -0.0017260 0.0166641 0.0123645 -0.0022408 -0.0288970 -0.0720602 -0.0214539 -0.0405417 -0.0392320 -0.0411680 -0.0188139 -0.0385229 -0.0391481 -0.0623878 -0.0460072 -0.0202422 -0.0369087 -0.0145469 -0.0297328 -0.0307181 -0.0179293 -0.0389659 -0.0163236 -0.0483970 -0.0277222 -0.0503368 0.0016961 -0.0491945 -0.0643074 -0.0600675 -0.0199954 -0.0362626 -0.0301334 -0.0405701 -0.0740605 -0.0398639 -0.1306049 -0.1421256 -0.0548294 -0.0490834 -0.0380078 -0.0919492 -0.0579142 -0.1616666 -0.0632596 -0.0921304 -0.0949200 -0.0960376 -0.0446971 -0.1165077 -0.0625005 -0.1501720
0.1038080 0.1101405 0.1685682 0.1003977 0.1717118 0.1637239 0.8808373 0.1760953 0.1149246 0.1135553 0.1168778 0.1218431 0.1117450 0.1136202 0.0973589 0.1074438 -0.0232020 0.0049951 0.0131388 0.0037719 -0.0069505 0.0208904 0.0030090 -0.0051681 0.0209246 0.0144554 0.0222906 0.0093427 0.0089157 0.0088683 0.0186984 0.0077973 0.0170474 0.0171568 0.0019578 0.0227336 0.0068922 0.0103230 0.0197474 0.0192447 0.0113215 -0.0018275 -0.0047398 -0.0019561 0.0137217 0.0115248 -0.0036516 -0.0271831 -0.0737460 -0.0197426 -0.0377450 -0.0428724 -0.0419834 -0.0199111 -0.0395319 -0.0419129 -0.0565559 -0.0472203 -0.0206865 -0.0424798 -0.0168042 -0.0277026 -0.0293338 -0.0188006 -0.0366450 -0.0154324 -0.0467510 -0.0263725 -0.0540993 0.0037049 -0.0480249 -0.0651883 -0.0616780 -0.0209156 -0.0363193 -0.0291479 -0.0439879 -0.0717030 -0.0424606 -0.1356295 -0.1445004 -0.0557561 -0.0498254 -0.0418378 -0.0931156 -0.0622549 -0.1711941 -0.0657479 -0.0964730 -0.0927532 -0.0943502 -0.0473419 -0.1239817 -0.0648029 -0.1603436
0.1121758 0.1143355 0.1583010 0.1091295 0.1691745 0.1614498 0.1760953 0.8990307 0.1210034 0.1156603 0.1216862 0.1289641 0.1149887 0.1176290 0.1046046 0.1085141 -0.0159898 0.0073282 0.0192200 0.0052484 -0.0014560 0.0285720 0.0087772 -0.0010415 0.0203062 0.0160490 0.0207879 0.0075203 0.0071946 0.0037634 0.0165480 0.0067025 0.0168413 0.0162347 -0.0003907 0.0227763 0.0082662 0.0101663 0.0193786 0.0159440 0.0121789 -0.0026342 -0.0052536 -0.0002704 0.0128460 0.0145256 -0.0051846 -0.0276965 -0.0745514 -0.0195753 -0.0410024 -0.0373908 -0.0436630 -0.0192152 -0.0372391 -0.0431917 -0.0601304 -0.0506470 -0.0242289 -0.0385900 -0.0164999 -0.0312561 -0.0327921 -0.0236883 -0.0412146 -0.0174454 -0.0514299 -0.0276795 -0.0538957 0.0009832 -0.0489195 -0.0639868 -0.0621936 -0.0180821 -0.0394216 -0.0302157 -0.0427686 -0.0746828 -0.0422613 -0.1352807 -0.1439656 -0.0592376 -0.0505398 -0.0407047 -0.0906984 -0.0635794 -0.1674795 -0.0609938 -0.0973237 -0.0950462 -0.0972787 -0.0469151 -0.1223717 -0.0614293 -0.1544636
0.1055175 0.1084316 0.1118169 0.1037817 0.1164828 0.1140947 0.1149246 0.1210034 0.9057347 0.1567305 0.1690074 0.1635094 0.1590622 0.1531411 0.1074436 0.1149654 -0.0142119 0.0125981 0.0182777 0.0140107 0.0008010 0.0281933 0.0135058 0.0067679 0.0206175 0.0088067 0.0204012 0.0083992 0.0079440 0.0038754 0.0139067 0.0061255 0.0140913 0.0145448 -0.0037443 0.0190646 0.0073860 0.0072274 0.0142246 0.0118826 0.0092060 -0.0091170 -0.0097208 0.0045410 0.0186541 0.0120246 -0.0004898 -0.0286042 -0.0719329 -0.0210295 -0.0350761 -0.0471962 -0.0436704 -0.0203049 -0.0327112 -0.0405088 -0.0608711 -0.0431076 -0.0239884 -0.0358870 -0.0207959 -0.0327204 -0.0324716 -0.0220886 -0.0415913 -0.0166027 -0.0491746 -0.0276214 -0.0545981 0.0017575 -0.0479688 -0.0637339 -0.0545517 -0.0228753 -0.0400042 -0.0331365 -0.0492217 -0.0719646 -0.0410899 -0.1312343 -0.1349298 -0.0562972 -0.0571118 -0.0384784 -0.0950339 -0.0648345 -0.1571560 -0.0594325 -0.0955729 -0.1011741 -0.1015487 -0.0443714 -0.1204731 -0.0602538 -0.1522233
0.1026298 0.1064177 0.1110575 0.0973706 0.1134334 0.1112526 0.1135553 0.1156603 0.1567305 0.8985639 0.1539025 0.1587678 0.1701680 0.1524051 0.1001813 0.1086821 -0.0131598 0.0131421 0.0163383 0.0150505 0.0028423 0.0283133 0.0136055 0.0098631 0.0169417 0.0100271 0.0171390 0.0087378 0.0065761 0.0007430 0.0106020 0.0035819 0.0128031 0.0132875 -0.0013849 0.0194208 0.0032123 0.0056639 0.0166392 0.0133896 0.0063048 -0.0062332 -0.0085446 0.0040493 0.0156687 0.0086189 -0.0037467 -0.0276514 -0.0730492 -0.0188498 -0.0360383 -0.0384727 -0.0417647 -0.0161970 -0.0381151 -0.0385762 -0.0585930 -0.0454963 -0.0238657 -0.0367164 -0.0201970 -0.0335751 -0.0353096 -0.0238816 -0.0384201 -0.0177820 -0.0498073 -0.0269272 -0.0548008 -0.0034973 -0.0507019 -0.0611658 -0.0546239 -0.0227466 -0.0405056 -0.0320922 -0.0446784 -0.0701692 -0.0403238 -0.1253234 -0.1349447 -0.0560755 -0.0519655 -0.0378198 -0.0935353 -0.0607074 -0.1524304 -0.0620036 -0.0923515 -0.0963578 -0.0967654 -0.0453698 -0.1134547 -0.0615216 -0.1447117
0.1046335 0.1107274 0.1143787 0.1046555 0.1174817 0.1152034 0.1168778 0.1216862 0.1690074 0.1539025 0.9292959 0.1748926 0.1596695 0.1567775 0.1089177 0.1121931 -0.0048091 0.0204704 0.0297524 0.0193421 0.0114419 0.0365771 0.0208111 0.0134344 0.0156363 0.0067624 0.0159355 0.0068984 0.0073558 -0.0010512 0.0112064 -0.0007025 0.0096820 0.0120371 -0.0041995 0.0183358 0.0064492 0.0049157 0.0146197 0.0094584 0.0095922 -0.0056470 -0.0090654 0.0023532 0.0168632 0.0102612 -0.0053373 -0.0325847 -0.0704249 -0.0227118 -0.0336418 -0.0430230 -0.0424713 -0.0209585 -0.0370632 -0.0413919 -0.0609826 -0.0428569 -0.0226493 -0.0330374 -0.0241591 -0.0381729 -0.0384288 -0.0242036 -0.0442916 -0.0204587 -0.0513912 -0.0312118 -0.0591548 -0.0064216 -0.0515561 -0.0639392 -0.0561124 -0.0220515 -0.0380259 -0.0337855 -0.0456213 -0.0695154 -0.0432754 -0.1252227 -0.1330785 -0.0597563 -0.0512185 -0.0404712 -0.0955571 -0.0662928 -0.1490279 -0.0611356 -0.0960731 -0.0973684 -0.0976463 -0.0433687 -0.1145528 -0.0589939 -0.1457411
0.1124319 0.1135954 0.1157160 0.1055296 0.1209241 0.1205252 0.1218431 0.1289641 0.1635094 0.1587678 0.1748926 0.9184332 0.1654958 0.1601243 0.1048399 0.1177896 -0.0098396 0.0198208 0.0242660 0.0170336 0.0053635 0.0366326 0.0189368 0.0102737 0.0151935 0.0057891 0.0175763 0.0054869 0.0044468 -0.0019795 0.0098158 0.0009445 0.0107945 0.0126647 -0.0000781 0.0205563 0.0066870 0.0028078 0.0145180 0.0086785 0.0098436 -0.0073734 -0.0063124 0.0005618 0.0179844 0.0075539 -0.0030964 -0.0337981 -0.0765936 -0.0238966 -0.0371681 -0.0429366 -0.0417934 -0.0181343 -0.0381544 -0.0439966 -0.0616061 -0.0405435 -0.0255467 -0.0388867 -0.0260901 -0.0384113 -0.0386200 -0.0259643 -0.0430399 -0.0209151 -0.0496849 -0.0321429 -0.0584264 -0.0019115 -0.0491137 -0.0659779 -0.0576508 -0.0276840 -0.0441418 -0.0322374 -0.0472613 -0.0748745 -0.0415675 -0.1265786 -0.1356003 -0.0603765 -0.0541208 -0.0441446 -0.0993611 -0.0659101 -0.1503822 -0.0643599 -0.0956794 -0.1006532 -0.1010705 -0.0492458 -0.1134655 -0.0653923 -0.1497829
0.1004330 0.1082878 0.1119850 0.0974716 0.1141705 0.1102758 0.1117450 0.1149887 0.1590622 0.1701680 0.1596695 0.1654958 0.9004596 0.1601339 0.1037137 0.1094844 -0.0203510 0.0116463 0.0160220 0.0091921 -0.0023230 0.0274167 0.0104911 0.0037347 0.0171902 0.0098380 0.0231639 0.0080645 0.0089561 0.0031854 0.0140440 0.0052446 0.0167667 0.0150432 -0.0036064 0.0202962 0.0089078 0.0107691 0.0204736 0.0118368 0.0067714 -0.0063176 -0.0050337 0.0069264 0.0157510 0.0107833 -0.0003587 -0.0305010 -0.0736537 -0.0188224 -0.0391835 -0.0383550 -0.0381891 -0.0229066 -0.0344496 -0.0420892 -0.0603260 -0.0434621 -0.0194231 -0.0373395 -0.0165558 -0.0326488 -0.0328806 -0.0249786 -0.0374953 -0.0162374 -0.0508554 -0.0279306 -0.0548228 -0.0001546 -0.0490632 -0.0625758 -0.0599560 -0.0211789 -0.0395788 -0.0297092 -0.0451714 -0.0703039 -0.0404603 -0.1333402 -0.1387943 -0.0595468 -0.0564367 -0.0375956 -0.0965978 -0.0651465 -0.1607109 -0.0627192 -0.0950513 -0.0983207 -0.0982482 -0.0453673 -0.1211634 -0.0597359 -0.1538706
0.0991106 0.1035865 0.1079620 0.0980516 0.1120537 0.1098316 0.1136202 0.1176290 0.1531411 0.1524051 0.1567775 0.1601243 0.1601339 0.9085805 0.1039203 0.1029940 -0.0091177 0.0154794 0.0224882 0.0104364 0.0027821 0.0319105 0.0135211 0.0102207 0.0194666 0.0043062 0.0160045 0.0077620 0.0083380 -0.0007564 0.0088705 0.0015360 0.0083875 0.0131637 -0.0021327 0.0185962 0.0082763 0.0053721 0.0146582 0.0139164 0.0075271 -0.0044635 -0.0050895 0.0025070 0.0141375 0.0110246 -0.0018713 -0.0271203 -0.0714006 -0.0213769 -0.0367958 -0.0403545 -0.0422023 -0.0217769 -0.0352698 -0.0387201 -0.0609376 -0.0432713 -0.0210570 -0.0357110 -0.0199382 -0.0350018 -0.0346920 -0.0215767 -0.0396691 -0.0201210 -0.0507081 -0.0256760 -0.0540608 -0.0039315 -0.0502466 -0.0640407 -0.0563479 -0.0209275 -0.0375537 -0.0282227 -0.0413880 -0.0690776 -0.0410831 -0.1276818 -0.1331412 -0.0599813 -0.0528183 -0.0394885 -0.0952730 -0.0633808 -0.1530745 -0.0624134 -0.0947675 -0.0949820 -0.0955593 -0.0429668 -0.1155807 -0.0530786 -0.1480761
0.0925200 0.0943130 0.1005603 0.0901648 0.0999978 0.0993081 0.0973589 0.1046046 0.1074436 0.1001813 0.1089177 0.1048399 0.1037137 0.1039203 0.8828506 0.0964949 -0.0178275 0.0031063 0.0086366 -0.0035481 -0.0078654 0.0224619 0.0007455 -0.0023704 0.0187348 0.0140213 0.0238983 0.0097933 0.0117147 0.0087710 0.0194890 0.0063030 0.0170036 0.0156762 0.0068135 0.0188070 0.0097318 0.0149875 0.0180441 0.0168399 0.0078457 0.0000113 -0.0005172 0.0042806 0.0147643 0.0168143 -0.0047264 -0.0167462 -0.0651841 -0.0158039 -0.0283884 -0.0368297 -0.0345616 -0.0127432 -0.0255415 -0.0380153 -0.0487162 -0.0316618 -0.0107034 -0.0278474 -0.0105993 -0.0222299 -0.0246903 -0.0194954 -0.0316173 -0.0150718 -0.0397010 -0.0161364 -0.0461846 0.0021624 -0.0394261 -0.0527356 -0.0490083 -0.0205572 -0.0336670 -0.0279790 -0.0398969 -0.0632653 -0.0352924 -0.1161990 -0.1241869 -0.0454684 -0.0386075 -0.0310169 -0.0805674 -0.0550687 -0.1499681 -0.0515436 -0.0832800 -0.0834120 -0.0840611 -0.0407967 -0.1062139 -0.0531402 -0.1386080
0.0948369 0.1000480 0.1031505 0.0945729 0.1070856 0.1061621 0.1074438 0.1085141 0.1149654 0.1086821 0.1121931 0.1177896 0.1094844 0.1029940 0.0964949 0.8894463 -0.0246994 0.0030340 0.0075318 0.0024663 -0.0083366 0.0194390 0.0007202 -0.0009840 0.0225998 0.0187283 0.0246608 0.0102866 0.0140897 0.0093015 0.0206866 0.0132242 0.0248389 0.0157688 0.0064755 0.0243938 0.0097326 0.0147350 0.0196044 0.0149781 0.0114844 0.0013733 0.0037399 0.0011534 0.0144724 0.0175676 0.0006916 -0.0213928 -0.0657777 -0.0174781 -0.0302967 -0.0385936 -0.0359459 -0.0137142 -0.0298809 -0.0407727 -0.0533432 -0.0344792 -0.0143278 -0.0282355 -0.0087506 -0.0235724 -0.0247367 -0.0180217 -0.0305130 -0.0113356 -0.0406512 -0.0199521 -0.0487240 0.0027637 -0.0382510 -0.0574920 -0.0501299 -0.0166461 -0.0358768 -0.0216427 -0.0391291 -0.0668710 -0.0356552 -0.1198639 -0.1290787 -0.0479370 -0.0466741 -0.0357300 -0.0824447 -0.0571753 -0.1566795 -0.0541788 -0.0864713 -0.0893187 -0.0896031 -0.0390477 -0.0919192 -0.0582038 -0.1455340
-0.0141999 -0.0214594 -0.0150105 -0.0188097 -0.0171798 -0.0158505 -0.0232020 -0.0159898 -0.0142119 -0.0131598 -0.0048091 -0.0098396 -0.0203510 -0.0091177 -0.0178275 -0.0246994 1.1834749 0.1268255 0.1324629 0.1684625 0.1767419 0.1232929 0.1513723 0.1575250 -0.0758884 -0.0727624 -0.0731865 -0.0622541 -0.0816557 -0.0901400 -0.0988417 -0.0920649 -0.0905389 -0.0524608 -0.0496132 -0.0850212 -0.0636518 -0.0705884 -0.0720484 -0.0746405 -0.0213873 -0.0435237 -0.0824767 -0.0371138 -0.0390083 -0.0592002 -0.0418407 -0.0921441 0.0677846 -0.0302232 -0.0035810 0.0211486 -0.0318629 -0.0104594 -0.0201054 0.0090778 0.0103302 -0.0074622 -0.0924491 -0.0167106 -0.0916654 -0.1007044 -0.0991641 -0.0486969 -0.0475932 -0.0483877 -0.0388146 -0.0902636 -0.0440858 -0.0681669 -0.0281963 0.0240009 0.0208848 -0.0078529 -0.0129625 -0.0213741 0.0047793 0.0231586 0.0095281 0.1319292 0.1352751 -0.0134692 0.0104730 -0.0242505 0.0525993 0.0065152 0.2226288 0.0082947 0.0694752 -0.0076847 -0.0047737 -0.0272577 0.1520410 0.0097984 0.1799007
0.0076862 0.0089758 0.0041089 0.0026746 0.0121639 0.0066209 0.0049951 0.0073282 0.0125981 0.0131421 0.0204704 0.0198208 0.0116463 0.0154794 0.0031063 0.0030340 0.1268255 1.1062751 0.1290882 0.1439529 0.1421735 0.1213414 0.1384508 0.1247848 -0.0567228 -0.0658868 -0.0572662 -0.0581963 -0.0611423 -0.0786350 -0.0797289 -0.0737566 -0.0709827 -0.0429939 -0.0546054 -0.0719500 -0.0548286 -0.0629408 -0.0595635 -0.0654122 -0.0199737 -0.0530159 -0.0627549 -0.0282618 -0.0251955 -0.0564651 -0.0454429 -0.0793031 0.0284743 -0.0309735 -0.0069734 -0.0108968 -0.0312690 -0.0121352 -0.0449686 -0.0048978 -0.0111973 -0.0083557 -0.0772985 -0.0212071 -0.0855445 -0.0922194 -0.0919137 -0.0451456 -0.0472517 -0.0507252 -0.0409419 -0.0787991 -0.0566182 -0.0584765 -0.0372839 0.0108186 0.0010478 -0.0124536 -0.0182766 -0.0061884 -0.0081250 0.0179253 0.0045767 0.0832411 0.0823659 -0.0196055 -0.0003784 -0.0259081 0.0282939 0.0073828 0.1587752 -0.0113630 0.0352373 -0.0144155 -0.0128217 -0.0159429 0.1137522 -0.0177080 0.1295500
0.0093801 0.0120879 0.0139254 0.0093746 0.0144674 0.0138239 0.0131388 0.0192200 0.0182777 0.0163383 0.0297524 0.0242660 0.0160220 0.0224882 0.0086366 0.0075318 0.1324629 0.1290882 1.1149261 0.1406958 0.1561037 0.1249081 0.1347834 0.1284238 -0.0565431 -0.0569134 -0.0501098 -0.0573620 -0.0642916 -0.0793529 -0.0764142 -0.0735978 -0.0707047 -0.0422821 -0.0577195 -0.0623547 -0.0584916 -0.0639504 -0.0602586 -0.0558535 -0.0239555 -0.0507252 -0.0693379 -0.0317231 -0.0132983 -0.0527498 -0.0493870 -0.0777514 0.0360149 -0.0249044 -0.0088697 -0.0093246 -0.0228920 -0.0141429 -0.0366044 0.0067589 -0.0209053 -0.0168437 -0.0807985 -0.0172378 -0.0876232 -0.0914049 -0.0904932 -0.0389244 -0.0515599 -0.0489329 -0.0408539 -0.0760979 -0.0619667 -0.0566845 -0.0455658 -0.0065870 -0.0033905 -0.0103845 -0.0232647 -0.0175274 -0.0062272 0.0052615 -0.0065509 0.0837882 0.0883047 -0.0329007 0.0005025 -0.0394454 0.0188598 -0.0019670 0.1511687 -0.0115725 0.0112609 -0.0171596 -0.0168270 -0.0209191 0.1059005 -0.0166469 0.1125579
0.0026328 0.0046064 -0.0010839 -0.0025151 0.0056250 0.0029589 0.0037719 0.0052484 0.0140107 0.0150505 0.0193421 0.0170336 0.0091921 0.0104364 -0.0035481 0.0024663 0.1684625 0.1439529 0.1406958 1.1811329 0.1632292 0.1508278 0.1830136 0.1426699 -0.0676396 -0.0685929 -0.0659754 -0.0665494 -0.0781502 -0.0907656 -0.0960604 -0.0856427 -0.0830306 -0.0507082 -0.0615291 -0.0764539 -0.0557197 -0.0746886 -0.0682567 -0.0735364 -0.0350408 -0.0594406 -0.0836649 -0.0372247 -0.0305393 -0.0683685 -0.0597216 -0.0821813 0.0475314 -0.0238393 -0.0023040 0.0115902 -0.0117159 -0.0172406 -0.0393363 -0.0110760 -0.0131845 -0.0043822 -0.0870235 -0.0132297 -0.0965955 -0.1033398 -0.1034109 -0.0576900 -0.0492665 -0.0572265 -0.0399348 -0.0825642 -0.0652778 -0.0607827 -0.0408326 0.0006900 0.0016296 0.0040197 -0.0115457 -0.0288576 -0.0094079 0.0140437 -0.0064559 0.1030975 0.0854533 -0.0309641 -0.0248046 -0.0263399 0.0151978 -0.0013461 0.1952091 -0.0003075 0.0511219 -0.0055350 -0.0034214 -0.0178820 0.1375721 -0.0350429 0.1534603
0.0004900 -0.0074181 -0.0041720 -0.0095635 -0.0004427 -0.0033200 -0.0069505 -0.0014560 0.0008010 0.0028423 0.0114419 0.0053635 -0.0023230 0.0027821 -0.0078654 -0.0083366 0.1767419 0.1421735 0.1561037 0.1632292 1.2148659 0.1529701 0.1723499 0.1637997 -0.0772703 -0.0711773 -0.0637333 -0.0733187 -0.0835921 -0.1018965 -0.0939341 -0.0947912 -0.0940058 -0.0551097 -0.0661997 -0.0877091 -0.0791999 -0.0763551 -0.0748322 -0.0749876 -0.0247522 -0.0602651 -0.0860563 -0.0392693 -0.0331751 -0.0678057 -0.0561202 -0.1025591 0.0615363 -0.0224954 -0.0124770 0.0220297 -0.0182006 -0.0262391 -0.0454961 0.0024210 -0.0078226 -0.0205029 -0.0995269 -0.0229871 -0.1049723 -0.1015200 -0.1025977 -0.0457317 -0.0542928 -0.0596910 -0.0427602 -0.1044454 -0.0585583 -0.0666277 -0.0321190 0.0174040 0.0104773 -0.0083943 -0.0132712 -0.0338390 0.0001637 0.0385716 -0.0049053 0.1223238 0.1256115 -0.0244682 -0.0055320 -0.0222987 0.0372853 -0.0024480 0.2276423 0.0043501 0.0663815 -0.0062901 -0.0044678 -0.0081692 0.1575251 0.0055641 0.1726275
0.0252322 0.0212908 0.0222084 0.0175424 0.0278107 0.0238220 0.0208904 0.0285720 0.0281933 0.0283133 0.0365771 0.0366326 0.0274167 0.0319105 0.0224619 0.0194390 0.1232929 0.1213414 0.1249081 0.1508278 0.1529701 1.1226765 0.1520953 0.1426193 -0.0632700 -0.0542399 -0.0542850 -0.0510105 -0.0680369 -0.0820820 -0.0796522 -0.0728653 -0.0725806 -0.0424075 -0.0540028 -0.0657366 -0.0583475 -0.0593174 -0.0637498 -0.0575895 -0.0258042 -0.0565662 -0.0699776 -0.0309670 -0.0242518 -0.0589250 -0.0526675 -0.0821661 0.0302357 -0.0325987 -0.0062151 0.0043673 -0.0137108 -0.0212395 -0.0439837 -0.0109425 -0.0275686 -0.0107029 -0.0737844 -0.0173321 -0.0947971 -0.0905012 -0.0902202 -0.0498576 -0.0635747 -0.0566921 -0.0494975 -0.0809776 -0.0652514 -0.0560605 -0.0515922 -0.0054031 -0.0086082 -0.0106175 -0.0246446 -0.0249519 -0.0082975 0.0186694 0.0115211 0.0710845 0.0608141 -0.0373289 -0.0240850 -0.0252654 0.0054636 -0.0068640 0.1415916 -0.0142641 0.0195218 -0.0192655 -0.0166874 -0.0244977 0.1004737 -0.0271785 0.1085344
0.0034935 0.0040944 0.0026506 0.0010751 0.0086989 0.0055906 0.0030090 0.0087772 0.0135058 0.0136055 0.0208111 0.0189368 0.0104911 0.0135211 0.0007455 0.0007202 0.1513723 0.1384508 0.1347834 0.1830136 0.1723499 0.1520953 1.1651115 0.1521954 -0.0688619 -0.0715618 -0.0680584 -0.0701601 -0.0776385 -0.0924477 -0.0863160 -0.0828651 -0.0825538 -0.0498221 -0.0608805 -0.0837937 -0.0701520 -0.0736407 -0.0733875 -0.0714468 -0.0226101 -0.0553215 -0.0788567 -0.0327748 -0.0338266 -0.0626271 -0.0570999 -0.0886530 0.0398003 -0.0239513 -0.0014719 0.0127979 -0.0213075 -0.0177237 -0.0428791 0.0009489 -0.0205157 0.0031567 -0.0827640 -0.0153321 -0.1020777 -0.1004420 -0.0986454 -0.0585162 -0.0582871 -0.0519057 -0.0469424 -0.0887167 -0.0608219 -0.0630124 -0.0465312 0.0075083 -0.0030199 -0.0001084 -0.0222417 -0.0295202 -0.0034227 0.0149229 0.0044611 0.1134664 0.0979658 -0.0253417 -0.0117252 -0.0199735 0.0310425 0.0024051 0.1898891 0.0093781 0.0538086 -0.0123027 -0.0104770 -0.0209226 0.1355605 -0.0148747 0.1583019
0.0068906 -0.0016922 -0.0009349 0.0009440 0.0045210 0.0024199 -0.0051681 -0.0010415 0.0067679 0.0098631 0.0134344 0.0102737 0.0037347 0.0102207 -0.0023704 -0.0009840 0.1575250 0.1247848 0.1284238 0.1426699 0.1637997 0.1426193 0.1521954 1.1352853 -0.0613975 -0.0532832 -0.0630406 -0.0557791 -0.0701926 -0.0836671 -0.0835869 -0.0713776 -0.0790074 -0.0457690 -0.0613557 -0.0717132 -0.0575208 -0.0614458 -0.0611436 -0.0666374 -0.0207951 -0.0520406 -0.0744198 -0.0324914 -0.0241871 -0.0554206 -0.0442474 -0.0882570 0.0334676 -0.0272879 -0.0007111 0.0163160 -0.0247138 -0.0180022 -0.0271002 -0.0039980 -0.0108762 -0.0087932 -0.0820053 -0.0282858 -0.0873464 -0.0903726 -0.0898105 -0.0539832 -0.0532563 -0.0573945 -0.0409647 -0.0877174 -0.0491568 -0.0523634 -0.0330450 0.0152499 0.0077029 -0.0126339 -0.0194997 -0.0167501 0.0026392 0.0236781 -0.0071959 0.0932838 0.0806266 -0.0296767 -0.0079570 -0.0286693 0.0331581 -0.0059665 0.1749000 -0.0105770 0.0328105 -0.0022227 -0.0007596 -0.0229282 0.1201513 -0.0123060 0.1352904
0.0189497 0.0197828 0.0178034 0.0215270 0.0221245 0.0231958 0.0209246 0.0203062 0.0206175 0.0169417 0.0156363 0.0151935 0.0171902 0.0194666 0.0187348 0.0225998 -0.0758884 -0.0567228 -0.0565431 -0.0676396 -0.0772703 -0.0632700 -0.0688619 -0.0613975 0.8496207 0.0314577 0.0359214 0.0516348 0.0664481 0.0808373 0.0812298 0.0591287 0.0393141 0.0267063 0.0227644 0.0402168 0.0281497 0.0291875 0.0251573 0.0356256 0.0065327 0.0144422 0.0298372 0.0105082 0.0168605 0.0281091 0.0122884 0.0192564 -0.0515193 -0.0078593 -0.0195825 -0.0211962 -0.0171245 -0.0044682 -0.0092349 -0.0143090 -0.0180406 -0.0174984 0.0237704 -0.0084025 0.0234575 0.0188517 0.0191908 0.0114663 0.0063848 0.0140112 -0.0028870 0.0201840 0.0063703 0.0255456 -0.0037577 -0.0300433 -0.0303457 -0.0110954 -0.0116747 -0.0016619 -0.0214676 -0.0359704 -0.0259497 -0.0878738 -0.1023124 -0.0126602 -0.0122727 -0.0019679 -0.0545645 -0.0296409 -0.1430618 -0.0203032 -0.0537984 -0.0381857 -0.0391207 -0.0101847 -0.1068072 -0.0199273 -0.1263446
0.0131900 0.0139877 0.0128982 0.0130409 0.0124538 0.0163292 0.0144554 0.0160490 0.0088067 0.0100271 0.0067624 0.0057891 0.0098380 0.0043062 0.0140213 0.0187283 -0.0727624 -0.0658868 -0.0569134 -0.0685929 -0.0711773 -0.0542399 -0.0715618 -0.0532832 0.0314577 0.8679835 0.0713209 0.0238625 0.0438514 0.0352556 0.0431107 0.0354807 0.0372638 0.0248924 0.0169489 0.0385488 0.0223086 0.0257725 0.0274778 0.0337713 0.0049582 0.0186522 0.0226612 0.0041852 0.0068802 0.0278587 0.0152552 0.0188575 -0.0413791 0.0033709 -0.0106630 -0.0194764 0.0004205 0.0045836 0.0091240 -0.0208780 -0.0130578 -0.0099036 0.0263403 -0.0027819 0.0395844 0.0298865 0.0288486 0.0098558 0.0077433 0.0115536 -0.0057148 0.0183842 0.0018098 0.0208383 -0.0063217 -0.0282304 -0.0168840 -0.0043440 -0.0026247 -0.0077953 -0.0147548 -0.0357771 -0.0145630 -0.0738768 -0.0832591 -0.0028937 -0.0159477 0.0024292 -0.0376221 -0.0135879 -0.1416455 -0.0171846 -0.0513743 -0.0305575 -0.0302075 -0.0044351 -0.0891531 -0.0202041 -0.1077727
0.0180712 0.0203945 0.0230185 0.0220773 0.0233373 0.0228409 0.0222906 0.0207879 0.0204012 0.0171390 0.0159355 0.0175763 0.0231639 0.0160045 0.0238983 0.0246608 -0.0731865 -0.0572662 -0.0501098 -0.0659754 -0.0637333 -0.0542850 -0.0680584 -0.0630406 0.0359214 0.0713209 0.8604954 0.0306879 0.0372584 0.0447425 0.0409871 0.0423280 0.0327454 0.0246448 0.0181549 0.0312858 0.0286876 0.0247676 0.0256642 0.0336485 0.0071012 0.0159073 0.0258235 0.0104688 0.0107627 0.0222480 0.0157482 0.0182809 -0.0489061 -0.0021740 -0.0223143 -0.0175576 -0.0112531 -0.0075721 -0.0030404 -0.0238086 -0.0181936 -0.0094772 0.0223417 0.0012516 0.0293564 0.0242730 0.0235790 0.0169367 0.0116550 0.0058658 -0.0032879 0.0173746 0.0010499 0.0250407 0.0006361 -0.0295984 -0.0312649 -0.0072300 -0.0051567 -0.0047475 -0.0210155 -0.0380951 -0.0192019 -0.0923380 -0.0970528 -0.0069522 -0.0159475 -0.0047332 -0.0400861 -0.0231021 -0.1369884 -0.0237460 -0.0518577 -0.0393929 -0.0405519 -0.0100763 -0.0958812 -0.0164101 -0.1125007
0.0039501 0.0064437 0.0108947 0.0118129 0.0068800 0.0079152 0.0093427 0.0075203 0.0083992 0.0087378 0.0068984 0.0054869 0.0080645 0.0077620 0.0097933 0.0102866 -0.0622541 -0.0581963 -0.0573620 -0.0665494 -0.0733187 -0.0510105 -0.0701601 -0.0557791 0.0516348 0.0238625 0.0306879 0.8755229 0.0710780 0.0519843 0.0473678 0.0612575 0.0216455 0.0235176 0.0142701 0.0339327 0.0277093 0.0257195 0.0244629 0.0170072 0.0163812 0.0200877 0.0284475 0.0080917 0.0080695 0.0331164 0.0292507 0.0252962 -0.0467295 -0.0073639 -0.0042305 -0.0141786 -0.0009009 0.0098411 0.0010049 -0.0246002 -0.0082686 -0.0130428 0.0264536 -0.0089215 0.0311213 0.0289876 0.0288730 0.0122510 0.0080224 0.0088353 -0.0100192 0.0253556 0.0057001 0.0243219 -0.0060423 -0.0186364 -0.0101349 -0.0117169 -0.0077405 -0.0037241 -0.0187005 -0.0358934 -0.0220643 -0.0778098 -0.0809365 -0.0076476 -0.0111620 -0.0031435 -0.0418966 -0.0194543 -0.1225472 -0.0182978 -0.0578265 -0.0331158 -0.0328180 -0.0173847 -0.0951195 -0.0188979 -0.1051006
0.0071241 0.0092451 0.0089265 0.0113936 0.0080786 0.0109231 0.0089157 0.0071946 0.0079440 0.0065761 0.0073558 0.0044468 0.0089561 0.0083380 0.0117147 0.0140897 -0.0816557 -0.0611423 -0.0642916 -0.0781502 -0.0835921 -0.0680369 -0.0776385 -0.0701926 0.0664481 0.0438514 0.0372584 0.0710780 0.8737376 0.0651398 0.0568447 0.0738500 0.0299721 0.0269688 0.0190084 0.0337256 0.0246894 0.0309154 0.0290927 0.0266466 0.0094240 0.0089064 0.0276303 0.0079271 0.0069628 0.0256948 0.0138015 0.0255586 -0.0305871 -0.0052312 -0.0090598 -0.0312785 -0.0010463 0.0057001 0.0006211 -0.0199624 -0.0110681 -0.0042759 0.0294567 -0.0052438 0.0415592 0.0363146 0.0359709 0.0197082 0.0090545 0.0159959 -0.0015317 0.0233347 0.0042475 0.0268111 -0.0009255 -0.0223214 -0.0211353 -0.0072353 -0.0065243 -0.0045540 -0.0173861 -0.0360165 -0.0148970 -0.0816212 -0.0854328 -0.0024325 -0.0180823 0.0004795 -0.0452564 -0.0282769 -0.1380047 -0.0260517 -0.0507268 -0.0279995 -0.0276175 -0.0122042 -0.1006201 -0.0190829 -0.1124732
0.0022227 0.0051786 0.0079766 0.0069954 0.0046721 0.0077566 0.0088683 0.0037634 0.0038754 0.0007430 -0.0010512 -0.0019795 0.0031854 -0.0007564 0.0087710 0.0093015 -0.0901400 -0.0786350 -0.0793529 -0.0907656 -0.1018965 -0.0820820 -0.0924477 -0.0836671 0.0808373 0.0352556 0.0447425 0.0519843 0.0651398 0.8699055 0.0848259 0.0631933 0.0317932 0.0306923 0.0258665 0.0405532 0.0339681 0.0449923 0.0287193 0.0392450 0.0076156 0.0229804 0.0413985 0.0141011 0.0163863 0.0314707 0.0234167 0.0443688 -0.0469278 -0.0050344 -0.0164508 -0.0178008 -0.0017167 0.0008951 0.0122016 -0.0209782 -0.0154633 -0.0101243 0.0325457 -0.0060543 0.0487967 0.0447215 0.0454633 0.0241174 0.0112900 0.0178881 0.0038114 0.0440908 0.0174711 0.0370132 0.0050717 -0.0271313 -0.0173295 -0.0130712 -0.0127995 0.0108954 -0.0223972 -0.0344178 -0.0173543 -0.0918490 -0.0958216 0.0026933 -0.0093350 -0.0006276 -0.0426263 -0.0173023 -0.1534591 -0.0177365 -0.0563941 -0.0279051 -0.0281677 -0.0078219 -0.1074390 -0.0149390 -0.1264730
0.0158213 0.0166949 0.0200544 0.0182003 0.0191472 0.0149982 0.0186984 0.0165480 0.0139067 0.0106020 0.0112064 0.0098158 0.0140440 0.0088705 0.0194890 0.0206866 -0.0988417 -0.0797289 -0.0764142 -0.0960604 -0.0939341 -0.0796522 -0.0863160 -0.0835869 0.0812298 0.0431107 0.0409871 0.0473678 0.0568447 0.0848259 0.8582780 0.0611728 0.0421414 0.0330479 0.0257839 0.0479412 0.0382086 0.0434440 0.0383570 0.0409125 0.0141004 0.0208835 0.0418445 0.0122387 0.0163607 0.0411249 0.0215010 0.0389302 -0.0608564 0.0033740 -0.0149546 -0.0132403 -0.0035825 0.0008519 0.0095110 -0.0184112 -0.0228030 -0.0155553 0.0447634 -0.0070479 0.0408839 0.0366981 0.0374374 0.0126446 0.0130217 0.0169681 0.0001939 0.0385830 0.0112753 0.0424093 -0.0012459 -0.0352835 -0.0244328 -0.0052308 -0.0033883 -0.0028642 -0.0215604 -0.0426477 -0.0226528 -0.1023674 -0.1124042 -0.0073618 -0.0160221 0.0026441 -0.0555883 -0.0262421 -0.1654322 -0.0215609 -0.0632349 -0.0328641 -0.0337349 -0.0090927 -0.1247923 -0.0087577 -0.1425720
0.0044707 0.0086507 0.0067293 0.0085967 0.0065292 0.0059255 0.0077973 0.0067025 0.0061255 0.0035819 -0.0007025 0.0009445 0.0052446 0.0015360 0.0063030 0.0132242 -0.0920649 -0.0737566 -0.0735978 -0.0856427 -0.0947912 -0.0728653 -0.0828651 -0.0713776 0.0591287 0.0354807 0.0423280 0.0612575 0.0738500 0.0631933 0.0611728 0.8707170 0.0381783 0.0275468 0.0161351 0.0420774 0.0308033 0.0316230 0.0339629 0.0268327 0.0043784 0.0187194 0.0293293 0.0098979 0.0096193 0.0324178 0.0215074 0.0287891 -0.0458460 0.0011821 -0.0151966 -0.0126374 -0.0082709 0.0080738 0.0080064 -0.0136094 -0.0130262 -0.0031559 0.0264603 0.0025020 0.0408156 0.0447342 0.0439950 0.0131807 0.0095389 0.0143218 0.0097958 0.0286186 0.0137892 0.0301827 0.0125628 -0.0219998 -0.0177580 -0.0139628 -0.0106104 0.0069796 -0.0138482 -0.0337682 -0.0203513 -0.0802077 -0.0873118 -0.0024486 -0.0173518 -0.0012104 -0.0412993 -0.0220196 -0.1337028 -0.0241063 -0.0465147 -0.0383712 -0.0386116 -0.0110744 -0.0940916 -0.0042560 -0.1133116
0.0131056 0.0123902 0.0165484 0.0164346 0.0140517 0.0179142 0.0170474 0.0168413 0.0140913 0.0128031 0.0096820 0.0107945 0.0167667 0.0083875 0.0170036 0.0248389 -0.0905389 -0.0709827 -0.0707047 -0.0830306 -0.0940058 -0.0725806 -0.0825538 -0.0790074 0.0393141 0.0372638 0.0327454 0.0216455 0.0299721 0.0317932 0.0421414 0.0381783 0.8537918 0.0289705 0.0307950 0.0517990 0.0294213 0.0448832 0.0443540 0.0463906 0.0086852 0.0242843 0.0379092 0.0148846 0.0160364 0.0250256 0.0159879 0.0369833 -0.0486292 0.0107855 -0.0116800 -0.0215573 -0.0037051 0.0010422 0.0060106 -0.0165826 -0.0151834 -0.0122157 0.0387202 -0.0075858 0.0378926 0.0349410 0.0343917 0.0175248 0.0139024 0.0187392 0.0055520 0.0355520 0.0097021 0.0296426 -0.0006524 -0.0271301 -0.0268185 -0.0015204 -0.0050844 -0.0024986 -0.0162349 -0.0359745 -0.0193465 -0.0887111 -0.0941784 -0.0060387 -0.0159589 -0.0019003 -0.0443861 -0.0148253 -0.1563665 -0.0152208 -0.0528279 -0.0321680 -0.0328058 -0.0090184 -0.1134332 -0.0228906 -0.1171986
0.0140284 0.0155234 0.0166032 0.0156942 0.0161098 0.0158194 0.0171568 0.0162347 0.0145448 0.0132875 0.0120371 0.0126647 0.0150432 0.0131637 0.0156762 0.0157688 -0.0524608 -0.0429939 -0.0422821 -0.0507082 -0.0551097 -0.0424075 -0.0498221 -0.0457690 0.0267063 0.0248924 0.0246448 0.0235176 0.0269688 0.0306923 0.0330479 0.0275468 0.0289705 0.9466702 0.0187726 0.0292757 0.0231491 0.0246045 0.0248386 0.0252783 0.0097803 0.0165561 0.0250848 0.0093663 0.0113485 0.0219104 0.0159867 0.0268731 -0.0300924 0.0039937 -0.0041849 -0.0110179 0.0005021 0.0024713 0.0059323 -0.0101638 -0.0071225 -0.0049075 0.0272112 0.0000319 0.0307750 0.0291905 0.0287969 0.0121518 0.0112383 0.0137654 0.0037962 0.0272002 0.0084184 0.0214420 0.0025951 -0.0160359 -0.0128312 -0.0007718 -0.0004553 0.0010514 -0.0082511 -0.0213214 -0.0081953 -0.0617075 -0.0644742 -0.0018168 -0.0079219 0.0032814 -0.0272792 -0.0125202 -0.0987687 -0.0099619 -0.0343982 -0.0157455 -0.0165002 -0.0030259 -0.0689880 -0.0086503 -0.0808860
0.0011638 0.0011664 0.0040934 0.0037856 -0.0016167 -0.0026539 0.0019578 -0.0003907 -0.0037443 -0.0013849 -0.0041995 -0.0000781 -0.0036064 -0.0021327 0.0068135 0.0064755 -0.0496132 -0.0546054 -0.0577195 -0.0615291 -0.0661997 -0.0540028 -0.0608805 -0.0613557 0.0227644 0.0169489 0.0181549 0.0142701 0.0190084 0.0258665 0.0257839 0.0161351 0.0307950 0.0187726 0.8827123 0.0310767 0.0255096 0.0248043 0.0154762 0.0240765 -0.0009705 0.0088026 0.0258025 -0.0039498 0.0048793 0.0126555 0.0076407 0.0211506 -0.0276556 -0.0003975 -0.0034083 -0.0159275 -0.0012783 0.0025770 0.0030484 -0.0123053 0.0019486 0.0011399 0.0239310 0.0020540 0.0231818 0.0203951 0.0194947 0.0122582 0.0076158 0.0147865 0.0014446 0.0209382 0.0053037 0.0234639 0.0053496 -0.0132510 -0.0155170 -0.0047961 -0.0040798 -0.0007240 -0.0034051 -0.0170293 -0.0028791 -0.0577512 -0.0592869 0.0006635 0.0031212 0.0075207 -0.0222921 -0.0125108 -0.0954241 -0.0129164 -0.0236798 -0.0191628 -0.0198047 -0.0011772 -0.0723864 -0.0030137 -0.0744170
0.0181128 0.0192777 0.0242608 0.0194876 0.0226804 0.0199021 0.0227336 0.0227763 0.0190646 0.0194208 0.0183358 0.0205563 0.0202962 0.0185962 0.0188070 0.0243938 -0.0850212 -0.0719500 -0.0623547 -0.0764539 -0.0877091 -0.0657366 -0.0837937 -0.0717132 0.0402168 0.0385488 0.0312858 0.0339327 0.0337256 0.0405532 0.0479412 0.0420774 0.0517990 0.0292757 0.0310767 0.8621063 0.0406311 0.0385632 0.0424282 0.0404900 0.0102899 0.0207306 0.0371999 0.0121425 0.0132800 0.0305278 0.0218196 0.0261569 -0.0456832 0.0046750 -0.0120795 -0.0225354 -0.0004949 0.0000047 0.0003467 -0.0079167 -0.0189511 -0.0151111 0.0390001 -0.0070249 0.0395435 0.0383717 0.0376355 0.0143149 0.0176524 0.0216990 -0.0001916 0.0285818 0.0063989 0.0355312 -0.0014891 -0.0255884 -0.0226239 -0.0084680 -0.0047417 -0.0028190 -0.0185429 -0.0377708 -0.0215110 -0.1028666 -0.1051308 -0.0057755 -0.0133685 -0.0045105 -0.0465540 -0.0287718 -0.1564024 -0.0207388 -0.0622706 -0.0369088 -0.0379694 -0.0120962 -0.1157478 -0.0212117 -0.1335058
0.0093282 0.0088678 0.0144319 0.0112969 0.0092344 0.0055381 0.0068922 0.0082662 0.0073860 0.0032123 0.0064492 0.0066870 0.0089078 0.0082763 0.0097318 0.0097326 -0.0636518 -0.0548286 -0.0584916 -0.0557197 -0.0791999 -0.0583475 -0.0701520 -0.0575208 0.0281497 0.0223086 0.0286876 0.0277093 0.0246894 0.0339681 0.0382086 0.0308033 0.0294213 0.0231491 0.0255096 0.0406311 0.8682247 0.0299892 0.0354781 0.0293797 -0.0001329 0.0098428 0.0286477 0.0021461 0.0122427 0.0199224 0.0099144 0.0224803 -0.0366002 -0.0009948 -0.0090681 -0.0107042 -0.0041224 0.0004358 0.0097121 -0.0234519 -0.0123211 -0.0088884 0.0328362 0.0009262 0.0281680 0.0254694 0.0262956 0.0085383 0.0172081 0.0097547 0.0016051 0.0229320 0.0086353 0.0325762 -0.0015983 -0.0181374 -0.0163447 -0.0033737 -0.0006282 0.0004592 -0.0101250 -0.0300590 -0.0196949 -0.0909867 -0.0927596 -0.0067285 -0.0168947 0.0012822 -0.0312600 -0.0233920 -0.1226251 -0.0069099 -0.0388767 -0.0260640 -0.0268174 -0.0055702 -0.0920672 -0.0108024 -0.1035808
0.0087026 0.0125697 0.0087303 0.0148996 0.0098545 0.0060985 0.0103230 0.0101663 0.0072274 0.0056639 0.0049157 0.0028078 0.0107691 0.0053721 0.0149875 0.0147350 -0.0705884 -0.0629408 -0.0639504 -0.0746886 -0.0763551 -0.0593174 -0.0736407 -0.0614458 0.0291875 0.0257725 0.0247676 0.0257195 0.0309154 0.0449923 0.0434440 0.0316230 0.0448832 0.0246045 0.0248043 0.0385632 0.0299892 0.8754973 0.0331340 0.0419837 0.0050868 0.0202629 0.0397632 0.0096584 0.0087912 0.0232458 0.0200120 0.0283203 -0.0406606 0.0045214 -0.0053113 -0.0097666 -0.0015183 -0.0032816 0.0113238 -0.0139854 -0.0130345 -0.0021622 0.0298715 -0.0100025 0.0324117 0.0301463 0.0304340 0.0132445 0.0104140 0.0177771 0.0055263 0.0268559 0.0147474 0.0327493 0.0009937 -0.0270692 -0.0186105 -0.0026274 -0.0029959 -0.0022121 -0.0151614 -0.0221573 -0.0123178 -0.0830843 -0.0954400 -0.0018821 -0.0162518 0.0069293 -0.0322823 -0.0250788 -0.1299668 -0.0145707 -0.0426886 -0.0166012 -0.0192987 -0.0100192 -0.0993613 -0.0123556 -0.1114351
0.0165381 0.0197664 0.0188584 0.0194281 0.0213798 0.0137067 0.0197474 0.0193786 0.0142246 0.0166392 0.0146197 0.0145180 0.0204736 0.0146582 0.0180441 0.0196044 -0.0720484 -0.0595635 -0.0602586 -0.0682567 -0.0748322 -0.0637498 -0.0733875 -0.0611436 0.0251573 0.0274778 0.0256642 0.0244629 0.0290927 0.0287193 0.0383570 0.0339629 0.0443540 0.0248386 0.0154762 0.0424282 0.0354781 0.0331340 0.8589038 0.0343501 0.0050648 0.0126023 0.0263436 0.0124566 0.0068717 0.0308982 0.0172822 0.0266234 -0.0509496 0.0050910 -0.0124289 -0.0082191 -0.0068179 0.0001762 0.0122481 -0.0133791 -0.0100178 -0.0186028 0.0260403 -0.0146529 0.0321843 0.0260222 0.0255392 0.0139820 0.0119328 0.0140965 -0.0047352 0.0265416 0.0007952 0.0208957 -0.0060965 -0.0298223 -0.0253690 -0.0061562 -0.0050450 -0.0060270 -0.0047382 -0.0349578 -0.0140649 -0.0798062 -0.0880386 -0.0126543 -0.0208152 0.0024533 -0.0465678 -0.0210277 -0.1422118 -0.0197924 -0.0573837 -0.0274554 -0.0282361 -0.0080274 -0.1025358 -0.0249399 -0.1082132
