0.8785999 0.1776689 0.1439485 0.1645543 0.1488842 0.1434383 0.1469749 0.1524674 0.1470697 0.1434372 0.1442484 0.1517312 0.1420731 0.1402087 0.1345856 0.1373165 0.0321178 0.0517075 0.0534279 0.0480790 0.0447430 0.0679634 0.0475491 0.0518865 0.0708119 0.0658683 0.0703477 0.0556258 0.0591618 0.0564880 0.0674597 0.0558244 0.0679608 0.0546701 0.0536401 0.0709982 0.0620953 0.0604174 0.0691016 0.0638424 0.0551931 0.0486004 0.0492837 0.0488031 0.0639915 0.0620814 0.0510780 0.0337287 -0.0157516 0.0344410 0.0179739 0.0097070 0.0143511 0.0323511 0.0202740 0.0074426 -0.0015512 0.0081663 0.0403453 0.0220672 0.0437222 0.0270320 0.0254520 0.0378547 0.0152876 0.0367554 0.0084314 0.0349560 0.0053698 0.0525941 0.0125941 -0.0062024 -0.0018072 0.0336548 0.0177214 0.0215368 0.0137872 -0.0126394 0.0118408 -0.0718456 -0.0810880 0.0031119 0.0055362 0.0193633 -0.0322990 -0.0065847 -0.1213760 -0.0006170 -0.0369661 -0.0326149 -0.0330159 0.0105266 -0.0667673 -0.0020179 -0.1048295 -0.2736532 -0.2765936 -0.2755389 -0.2735253 -0.2734269 -0.2722925 -0.2729208 -0.2739938 -0.2752818 -0.2770713 -0.2793345 -0.2781288 -0.2779735 -0.2790797 -0.2793147 -0.2782072 -0.2819262 -0.2777728
0.1776689 0.8863204 0.1470524 0.1744118 0.1510511 0.1502309 0.1523748 0.1549170 0.1499515 0.1477101 0.1504537 0.1538755 0.1508525 0.1455985 0.1377118 0.1422727 0.0288178 0.0558881 0.0586217 0.0517190 0.0416331 0.0676309 0.0503910 0.0473345 0.0722239 0.0672554 0.0735692 0.0586317 0.0621134 0.0594324 0.0696103 0.0605384 0.0676195 0.0566053 0.0540396 0.0727357 0.0628555 0.0642566 0.0725607 0.0675267 0.0584615 0.0499549 0.0504324 0.0531031 0.0653361 0.0642361 0.0480597 0.0312186 -0.0163540 0.0394186 0.0182868 0.0090710 0.0155342 0.0316309 0.0211013 0.0075884 -0.0037903 0.0098709 0.0420009 0.0237892 0.0425784 0.0291167 0.0280637 0.0385456 0.0191677 0.0382256 0.0122628 0.0329316 0.0050589 0.0541048 0.0131409 -0.0066006 -0.0014485 0.0333340 0.0186493 0.0268883 0.0115053 -0.0142959 0.0142768 -0.0757405 -0.0826561 0.0028282 0.0055165 0.0175022 -0.0360251 -0.0050780 -0.1242441 0.0023774 -0.0385563 -0.0345327 -0.0363507 0.0124211 -0.0698027 0.0016493 -0.1059430 -0.2821352 -0.2860352 -0.2836878 -0.2816091 -0.2823719 -0.2821394 -0.2812562 -0.2856086 -0.2848240 -0.2865309 -0.2863009 -0.2887215 -0.2865344 -0.2878682 -0.2871714 -0.2874426 -0.2910995 -0.2870486
0.1439485 0.1470524 0.8817570 0.1434390 0.1887878 0.1827362 0.2003437 0.1900917 0.1538218 0.1522840 0.1532611 0.1563601 0.1528635 0.1495518 0.1424138 0.1449229 0.0363728 0.0546221 0.0633172 0.0499289 0.0464035 0.0706760 0.0527872 0.0512350 0.0705585 0.0662401 0.0748645 0.0621229 0.0608396 0.0604129 0.0717159 0.0584051 0.0699700 0.0569260 0.0562291 0.0760992 0.0669128 0.0611103 0.0717103 0.0697086 0.0626338 0.0531065 0.0486176 0.0504184 0.0686014 0.0684358 0.0506762 0.0305174 -0.0202389 0.0336961 0.0211063 0.0078122 0.0158537 0.0319461 0.0202124 0.0071865 -0.0013979 0.0074790 0.0372127 0.0219265 0.0419195 0.0253614 0.0255955 0.0328760 0.0131948 0.0315253 0.0082175 0.0314785 0.0030336 0.0504537 0.0111538 -0.0062356 -0.0026512 0.0348200 0.0203903 0.0230710 0.0106974 -0.0164932 0.0129505 -0.0794673 -0.0898972 0.0024614 0.0071048 0.0168526 -0.0372504 -0.0052985 -0.1236601 -0.0067874 -0.0413686 -0.0354214 -0.0364680 0.0096444 -0.0723107 -0.0020465 -0.1108260 -0.2848088 -0.2888178 -0.2875027 -0.2833913 -0.2836285 -0.2828214 -0.2845489 -0.2852715 -0.2876360 -0.2892530 -0.2900155 -0.2908784 -0.2896194 -0.2900809 -0.2908270 -0.2900960 -0.2939819 -0.2912034
0.1645543 0.1744118 0.1434390 0.8866182 0.1437901 0.1438950 0.1433839 0.1495171 0.1452646 0.1393435 0.1446600 0.1458829 0.1394829 0.1399603 0.1332035 0.1368114 0.0317636 0.0517363 0.0557623 0.0459970 0.0394325 0.0642393 0.0480421 0.0492815 0.0719242 0.0649758 0.0725274 0.0614648 0.0615896 0.0588316 0.0683443 0.0586005 0.0691303 0.0554906 0.0553797 0.0704629 0.0631819 0.0645783 0.0702319 0.0667152 0.0580998 0.0515155 0.0546761 0.0530623 0.0671312 0.0641459 0.0493905 0.0339891 -0.0146746 0.0374190 0.0225340 0.0085841 0.0158428 0.0326008 0.0244522 0.0076952 0.0001152 0.0117587 0.0418948 0.0258477 0.0418024 0.0280329 0.0282922 0.0390565 0.0203002 0.0348531 0.0089277 0.0363065 0.0059943 0.0549730 0.0136714 -0.0025745 -0.0018536 0.0343527 0.0210326 0.0237924 0.0130257 -0.0115818 0.0138847 -0.0730574 -0.0808872 0.0047435 0.0104649 0.0209727 -0.0337771 -0.0058830 -0.1226317 0.0006090 -0.0378460 -0.0312175 -0.0309018 0.0141758 -0.0681925 0.0006228 -0.1028708 -0.2765847 -0.2793879 -0.2767870 -0.2746373 -0.2765761 -0.2744439 -0.2755453 -0.2776449 -0.2783237 -0.2812141 -0.2808147 -0.2815970 -0.2811422 -0.2810703 -0.2809098 -0.2800439 -0.2849912 -0.2795261
0.1488842 0.1510511 0.1887878 0.1437901 0.8942943 0.1974256 0.2021884 0.1996289 0.1563074 0.1539042 0.1558893 0.1601862 0.1546530 0.1520630 0.1421184 0.1481067 0.0359917 0.0612430 0.0636109 0.0566904 0.0505412 0.0759143 0.0588925 0.0562724 0.0724775 0.0646464 0.0737222 0.0584569 0.0595832 0.0569955 0.0697901 0.0571970 0.0677231 0.0560316 0.0509537 0.0735680 0.0622174 0.0614555 0.0727379 0.0655571 0.0641809 0.0512374 0.0465389 0.0511553 0.0676867 0.0640099 0.0507047 0.0252717 -0.0183959 0.0342688 0.0171128 0.0106215 0.0116620 0.0318306 0.0174759 0.0050086 -0.0047639 0.0066855 0.0358029 0.0157320 0.0401617 0.0267045 0.0233674 0.0330831 0.0156296 0.0339901 0.0059112 0.0262226 0.0011061 0.0542969 0.0082693 -0.0101125 -0.0063487 0.0335686 0.0186591 0.0230855 0.0088589 -0.0188133 0.0113441 -0.0806491 -0.0917799 0.0000684 0.0024184 0.0147264 -0.0372848 -0.0068149 -0.1234672 -0.0065245 -0.0410980 -0.0386835 -0.0392334 0.0092863 -0.0711570 -0.0074375 -0.1077809 -0.2830553 -0.2851493 -0.2832680 -0.2800604 -0.2813457 -0.2801228 -0.2813791 -0.2819617 -0.2824815 -0.2849410 -0.2874885 -0.2873672 -0.2865408 -0.2876461 -0.2867324 -0.2863900 -0.2915254 -0.2861416
0.1434383 0.1502309 0.1827362 0.1438950 0.1974256 0.8905299 0.1954713 0.1934814 0.1541751 0.1523882 0.1541974 0.1600404 0.1514863 0.1502685 0.1415211 0.1469163 0.0362017 0.0563818 0.0629551 0.0533694 0.0472722 0.0716322 0.0549257 0.0531561 0.0736923 0.0678458 0.0739522 0.0594541 0.0623287 0.0604973 0.0667705 0.0567296 0.0706829 0.0557570 0.0506048 0.0712977 0.0595060 0.0575971 0.0665320 0.0660567 0.0616959 0.0504938 0.0502299 0.0499915 0.0677235 0.0639098 0.0504804 0.0258574 -0.0187396 0.0322601 0.0147354 0.0103419 0.0128093 0.0321325 0.0167412 0.0078188 -0.0078310 0.0059135 0.0347406 0.0180840 0.0401934 0.0236150 0.0227731 0.0354283 0.0152433 0.0349255 0.0062920 0.0268172 0.0045400 0.0536330 0.0069328 -0.0095376 -0.0055772 0.0328020 0.0179301 0.0222520 0.0105954 -0.0198990 0.0125878 -0.0787353 -0.0913397 0.0011034 0.0062245 0.0167320 -0.0386435 -0.0031754 -0.1233139 -0.0068920 -0.0403401 -0.0400424 -0.0415502 0.0094934 -0.0695974 -0.0073797 -0.1063274 -0.2821579 -0.2839321 -0.2840581 -0.2803177 -0.2806942 -0.2797531 -0.2812966 -0.2831531 -0.2820778 -0.2868419 -0.2861023 -0.2864870 -0.2872994 -0.2879784 -0.2859789 -0.2852272 -0.2888905 -0.2876004
0.1469749 0.1523748 0.2003437 0.1433839 0.2021884 0.1954713 0.8876315 0.2067168 0.1566323 0.1552881 0.1571147 0.1624687 0.1541629 0.1554302 0.1416205 0.1495291 0.0330559 0.0570326 0.0639627 0.0557653 0.0471269 0.0712894 0.0551763 0.0491317 0.0734244 0.0679725 0.0750931 0.0619874 0.0620668 0.0622704 0.0702845 0.0602042 0.0717931 0.0580047 0.0559588 0.0755159 0.0618741 0.0630596 0.0730844 0.0721438 0.0633709 0.0507562 0.0500869 0.0517890 0.0672071 0.0645913 0.0512147 0.0280806 -0.0182352 0.0343616 0.0184758 0.0090013 0.0132781 0.0330852 0.0168403 0.0072411 -0.0020336 0.0064815 0.0362079 0.0150218 0.0400450 0.0279539 0.0254950 0.0369582 0.0185781 0.0373642 0.0100800 0.0301610 0.0036683 0.0566098 0.0097269 -0.0082838 -0.0049734 0.0347062 0.0202862 0.0245617 0.0107366 -0.0165604 0.0122907 -0.0801233 -0.0909177 0.0017466 0.0069404 0.0152706 -0.0373513 -0.0047842 -0.1286240 -0.0068837 -0.0411444 -0.0363902 -0.0378087 0.0083700 -0.0737403 -0.0069787 -0.1123754 -0.2909794 -0.2949591 -0.2925836 -0.2908981 -0.2911555 -0.2883253 -0.2918378 -0.2930193 -0.2926753 -0.2958473 -0.2959433 -0.2979894 -0.2953103 -0.2974998 -0.2963555 -0.2969324 -0.2971933 -0.2963531
0.1524674 0.1549170 0.1900917 0.1495171 0.1996289 0.1934814 0.2067168 0.8965393 0.1613317 0.1561276 0.1602502 0.1674509 0.1562711 0.1573317 0.1465680 0.1500189 0.0372198 0.0579145 0.0686518 0.0574124 0.0507918 0.0771496 0.0584403 0.0518885 0.0731212 0.0686205 0.0740223 0.0604501 0.0610560 0.0584807 0.0692250 0.0589936 0.0716036 0.0575042 0.0535670 0.0751480 0.0631084 0.0626304 0.0723732 0.0690458 0.0642837 0.0504782 0.0498285 0.0526462 0.0659648 0.0667020 0.0497309 0.0277319 -0.0193556 0.0343130 0.0151461 0.0128588 0.0116937 0.0335570 0.0192768 0.0057726 -0.0042175 0.0034771 0.0332211 0.0183697 0.0408428 0.0248224 0.0234903 0.0327028 0.0149192 0.0355327 0.0062085 0.0284022 0.0036744 0.0536958 0.0091576 -0.0076213 -0.0055044 0.0363071 0.0182181 0.0241649 0.0109305 -0.0186498 0.0122167 -0.0807805 -0.0918540 -0.0003986 0.0060576 0.0163983 -0.0356275 -0.0063049 -0.1263156 -0.0034417 -0.0421494 -0.0389140 -0.0404003 0.0090761 -0.0720872 -0.0046448 -0.1088625 -0.2891114 -0.2919878 -0.2899836 -0.2870986 -0.2886635 -0.2871872 -0.2886732 -0.2905397 -0.2910698 -0.2929559 -0.2944088 -0.2936176 -0.2940962 -0.2942992 -0.2943163 -0.2931378 -0.2973711 -0.2936159
0.1470697 0.1499515 0.1538218 0.1452646 0.1563074 0.1541751 0.1566323 0.1613317 0.8987193 0.1882703 0.1972311 0.1944228 0.1912971 0.1854101 0.1491960 0.1547743 0.0372433 0.0607618 0.0659364 0.0617979 0.0502941 0.0754333 0.0610445 0.0563635 0.0730287 0.0639510 0.0724683 0.0607075 0.0605585 0.0585177 0.0669700 0.0591968 0.0686135 0.0561062 0.0507985 0.0717386 0.0610399 0.0601819 0.0679471 0.0659214 0.0614450 0.0448681 0.0462571 0.0556218 0.0698226 0.0643231 0.0529057 0.0276081 -0.0194203 0.0332554 0.0191332 0.0043981 0.0104501 0.0320670 0.0221852 0.0068442 -0.0067940 0.0087425 0.0332866 0.0188059 0.0373191 0.0233231 0.0231871 0.0322566 0.0133130 0.0360123 0.0070547 0.0288732 0.0019920 0.0542738 0.0087250 -0.0085181 -0.0008685 0.0318636 0.0163470 0.0208593 0.0049614 -0.0177092 0.0121545 -0.0799192 -0.0871299 0.0008164 -0.0005502 0.0177399 -0.0407820 -0.0088849 -0.1205191 -0.0033321 -0.0422187 -0.0453329 -0.0455957 0.0103631 -0.0728290 -0.0051580 -0.1094922 -0.2850268 -0.2872032 -0.2845351 -0.2822951 -0.2826643 -0.2826017 -0.2838761 -0.2853011 -0.2860549 -0.2874031 -0.2891891 -0.2876617 -0.2885380 -0.2892463 -0.2878024 -0.2893739 -0.2940792 -0.2880215
0.1434372 0.1477101 0.1522840 0.1393435 0.1539042 0.1523882 0.1552881 0.1561276 0.1882703 0.8928325 0.1849959 0.1909634 0.1993295 0.1838254 0.1416814 0.1493509 0.0354115 0.0590887 0.0619426 0.0607520 0.0501164 0.0731856 0.0587466 0.0573070 0.0695842 0.0630235 0.0692732 0.0595690 0.0584560 0.0545024 0.0640200 0.0554829 0.0671162 0.0541843 0.0511756 0.0714420 0.0567407 0.0571325 0.0690006 0.0659332 0.0576608 0.0460379 0.0459026 0.0540430 0.0660121 0.0607338 0.0484806 0.0271234 -0.0214176 0.0329511 0.0167358 0.0097524 0.0111527 0.0333611 0.0157166 0.0066367 -0.0063428 0.0052811 0.0323197 0.0175709 0.0369458 0.0221637 0.0199435 0.0293656 0.0142112 0.0334211 0.0046651 0.0277270 -0.0001637 0.0488955 0.0057555 -0.0088070 -0.0030159 0.0297599 0.0144131 0.0206496 0.0059751 -0.0180313 0.0113223 -0.0775040 -0.0893055 -0.0006407 0.0019649 0.0163690 -0.0414023 -0.0070080 -0.1199794 -0.0078033 -0.0420983 -0.0430602 -0.0429025 0.0078629 -0.0702138 -0.0080835 -0.1051961 -0.2778024 -0.2791918 -0.2794222 -0.2745188 -0.2750112 -0.2738320 -0.2769371 -0.2765931 -0.2780576 -0.2797908 -0.2816534 -0.2813554 -0.2798957 -0.2813758 -0.2810573 -0.2806400 -0.2843139 -0.2812202
0.1442484 0.1504537 0.1532611 0.1446600 0.1558893 0.1541974 0.1571147 0.1602502 0.1972311 0.1849959 0.9162315 0.2024579 0.1902815 0.1862852 0.1485817 0.1510579 0.0422675 0.0649843 0.0726685 0.0640967 0.0569022 0.0793941 0.0648339 0.0596130 0.0667668 0.0599979 0.0681171 0.0578795 0.0581484 0.0524184 0.0633747 0.0518137 0.0631397 0.0528021 0.0481326 0.0689561 0.0582858 0.0562614 0.0663947 0.0614854 0.0592146 0.0456617 0.0442246 0.0515125 0.0657364 0.0615369 0.0469732 0.0219490 -0.0206970 0.0290983 0.0175910 0.0057105 0.0086228 0.0283055 0.0159951 0.0043677 -0.0086365 0.0065583 0.0320063 0.0188382 0.0323306 0.0173282 0.0165912 0.0285490 0.0092101 0.0311337 0.0026683 0.0231924 -0.0034342 0.0458023 0.0031594 -0.0122408 -0.0050822 0.0296816 0.0152001 0.0186580 0.0048703 -0.0181440 0.0067324 -0.0789045 -0.0890251 -0.0041377 0.0014757 0.0129940 -0.0435774 -0.0129382 -0.1172399 -0.0075313 -0.0458477 -0.0456491 -0.0456322 0.0078808 -0.0711480 -0.0067404 -0.1074189 -0.2711762 -0.2744106 -0.2729024 -0.2686391 -0.2706137 -0.2698560 -0.2710191 -0.2721421 -0.2721944 -0.2724108 -0.2756103 -0.2755845 -0.2752243 -0.2769580 -0.2749576 -0.2775814 -0.2815039 -0.2754117
0.1517312 0.1538755 0.1563601 0.1458829 0.1601862 0.1600404 0.1624687 0.1674509 0.1944228 0.1909634 0.2024579 0.9104195 0.1955565 0.1901485 0.1460294 0.1565834 0.0391895 0.0646355 0.0694275 0.0632780 0.0528917 0.0799759 0.0640773 0.0580215 0.0675281 0.0599671 0.0699998 0.0580637 0.0576441 0.0525013 0.0630809 0.0538919 0.0647890 0.0539371 0.0526473 0.0725063 0.0597067 0.0559961 0.0676603 0.0627683 0.0610261 0.0450934 0.0472300 0.0514648 0.0682062 0.0603892 0.0500509 0.0224793 -0.0237418 0.0293057 0.0159684 0.0065132 0.0111296 0.0323400 0.0160787 0.0028621 -0.0076771 0.0096786 0.0309602 0.0154589 0.0323405 0.0182691 0.0175824 0.0280974 0.0114725 0.0308527 0.0045473 0.0241776 -0.0021715 0.0504611 0.0065946 -0.0124716 -0.0049550 0.0276628 0.0122953 0.0206295 0.0048863 -0.0218399 0.0100572 -0.0784867 -0.0899496 -0.0039829 0.0004005 0.0113780 -0.0459495 -0.0110283 -0.1177405 -0.0091776 -0.0449134 -0.0462193 -0.0466304 0.0042055 -0.0691416 -0.0113652 -0.1094101 -0.2790826 -0.2803270 -0.2789038 -0.2760973 -0.2773333 -0.2769027 -0.2779126 -0.2776745 -0.2806164 -0.2794099 -0.2816053 -0.2819950 -0.2818332 -0.2818921 -0.2811666 -0.2828401 -0.2864667 -0.2827020
0.1420731 0.1508525 0.1528635 0.1394829 0.1546530 0.1514863 0.1541629 0.1562711 0.1912971 0.1993295 0.1902815 0.1955565 0.8994460 0.1916742 0.1452202 0.1502220 0.0331179 0.0600630 0.0646222 0.0581119 0.0492863 0.0749672 0.0589912 0.0546208 0.0694091 0.0632022 0.0740097 0.0592353 0.0604219 0.0564261 0.0661440 0.0571343 0.0692129 0.0555322 0.0492083 0.0718561 0.0620234 0.0612035 0.0711201 0.0644993 0.0590906 0.0462491 0.0483617 0.0566719 0.0671119 0.0632197 0.0526794 0.0247100 -0.0203321 0.0341160 0.0145134 0.0109122 0.0149432 0.0288026 0.0196980 0.0053958 -0.0068250 0.0081611 0.0361947 0.0177195 0.0399568 0.0224640 0.0219469 0.0297743 0.0168049 0.0348645 0.0047518 0.0269237 0.0003555 0.0513744 0.0073565 -0.0080946 -0.0056097 0.0327155 0.0162730 0.0229312 0.0071254 -0.0166474 0.0120143 -0.0810197 -0.0896288 -0.0019064 0.0003596 0.0171225 -0.0421556 -0.0091333 -0.1224881 -0.0066871 -0.0429701 -0.0435387 -0.0434460 0.0085234 -0.0738965 -0.0057757 -0.1097147 -0.2826165 -0.2855715 -0.2837902 -0.2786875 -0.2800543 -0.2801075 -0.2820836 -0.2826690 -0.2838537 -0.2849162 -0.2876594 -0.2861183 -0.2873621 -0.2881933 -0.2869762 -0.2865444 -0.2919088 -0.2872621
0.1402087 0.1455985 0.1495518 0.1399603 0.1520630 0.1502685 0.1554302 0.1573317 0.1854101 0.1838254 0.1862852 0.1901485 0.1916742 0.9011410 0.1450623 0.1437831 0.0391587 0.0608384 0.0668704 0.0563298 0.0498751 0.0754507 0.0577858 0.0565426 0.0709600 0.0585307 0.0684197 0.0593658 0.0603592 0.0536924 0.0627145 0.0550503 0.0634378 0.0542486 0.0506071 0.0712751 0.0611300 0.0573703 0.0675354 0.0663511 0.0579033 0.0475935 0.0487582 0.0530219 0.0656563 0.0627155 0.0504205 0.0279452 -0.0198430 0.0321044 0.0166498 0.0080497 0.0109143 0.0289793 0.0186309 0.0069380 -0.0081939 0.0074636 0.0354301 0.0184065 0.0377857 0.0212280 0.0205857 0.0320474 0.0144280 0.0321318 0.0041286 0.0295135 0.0009552 0.0495299 0.0060144 -0.0112203 -0.0040702 0.0317024 0.0172963 0.0240408 0.0091891 -0.0177571 0.0103546 -0.0791999 -0.0878608 -0.0032573 0.0015257 0.0149331 -0.0420997 -0.0087187 -0.1199196 -0.0072813 -0.0429285 -0.0416686 -0.0419518 0.0095675 -0.0725515 -0.0008786 -0.1084189 -0.2776227 -0.2798666 -0.2784323 -0.2759625 -0.2766097 -0.2748880 -0.2777983 -0.2775829 -0.2791017 -0.2793912 -0.2818701 -0.2819867 -0.2804148 -0.2829779 -0.2821098 -0.2816173 -0.2850814 -0.2827539
0.1345856 0.1377118 0.1424138 0.1332035 0.1421184 0.1415211 0.1416205 0.1465680 0.1491960 0.1416814 0.1485817 0.1460294 0.1452202 0.1450623 0.8796128 0.1392798 0.0291923 0.0483629 0.0532571 0.0425533 0.0384464 0.0662366 0.0449977 0.0440187 0.0710847 0.0676952 0.0758318 0.0620880 0.0638948 0.0616908 0.0720357 0.0591533 0.0718928 0.0569815 0.0594224 0.0721703 0.0633441 0.0665358 0.0714739 0.0695745 0.0599349 0.0520873 0.0529250 0.0555948 0.0658353 0.0682414 0.0491287 0.0365400 -0.0153639 0.0374414 0.0238583 0.0110509 0.0179762 0.0364380 0.0272333 0.0072810 0.0020025 0.0165423 0.0439760 0.0257196 0.0458959 0.0322279 0.0292489 0.0349782 0.0223706 0.0369785 0.0141984 0.0378425 0.0089687 0.0554017 0.0157941 -0.0010223 0.0030302 0.0334782 0.0217179 0.0245770 0.0112272 -0.0123142 0.0159374 -0.0693545 -0.0797017 0.0095832 0.0136663 0.0231878 -0.0302440 -0.0013921 -0.1211824 0.0016240 -0.0351652 -0.0298350 -0.0299066 0.0132853 -0.0664132 0.0002565 -0.1011550 -0.2780965 -0.2828694 -0.2825039 -0.2787997 -0.2785933 -0.2768275 -0.2810149 -0.2809328 -0.2812550 -0.2842074 -0.2848543 -0.2847902 -0.2844644 -0.2847631 -0.2855344 -0.2850256 -0.2881109 -0.2857817
0.1373165 0.1422727 0.1449229 0.1368114 0.1481067 0.1469163 0.1495291 0.1500189 0.1547743 0.1493509 0.1510579 0.1565834 0.1502220 0.1437831 0.1392798 0.8831645 0.0260217 0.0513656 0.0547903 0.0502281 0.0402118 0.0651499 0.0477726 0.0475923 0.0741626 0.0716187 0.0769180 0.0621851 0.0660528 0.0626487 0.0734001 0.0649870 0.0782508 0.0572350 0.0592308 0.0768302 0.0633462 0.0671093 0.0729068 0.0686171 0.0631242 0.0538038 0.0574687 0.0533692 0.0666220 0.0693277 0.0541761 0.0330773 -0.0138817 0.0365120 0.0233606 0.0104695 0.0172934 0.0371206 0.0249038 0.0069451 -0.0005588 0.0151841 0.0418445 0.0249583 0.0472442 0.0312468 0.0300004 0.0365521 0.0232064 0.0407214 0.0140428 0.0352347 0.0070084 0.0557121 0.0174828 -0.0040462 0.0029915 0.0369690 0.0204374 0.0297605 0.0128162 -0.0135019 0.0156909 -0.0706103 -0.0812892 0.0080850 0.0082923 0.0195167 -0.0305716 -0.0022465 -0.1223364 0.0011801 -0.0358907 -0.0332070 -0.0332823 0.0150160 -0.0498781 -0.0025652 -0.1045242 -0.2834360 -0.2867338 -0.2855098 -0.2796991 -0.2825182 -0.2798988 -0.2830208 -0.2841595 -0.2858211 -0.2871307 -0.2889818 -0.2888637 -0.2885597 -0.2897770 -0.2894520 -0.2894665 -0.2922175 -0.2891612
0.0321178 0.0288178 0.0363728 0.0317636 0.0359917 0.0362017 0.0330559 0.0372198 0.0372433 0.0354115 0.0422675 0.0391895 0.0331179 0.0391587 0.0291923 0.0260217 0.9830095 0.0444353 0.0508484 0.0651553 0.0622987 0.0471765 0.0530835 0.0623841 -0.0162402 -0.0194252 -0.0165438 -0.0129417 -0.0220845 -0.0242899 -0.0256792 -0.0287033 -0.0266463 -0.0083201 -0.0155879 -0.0195500 -0.0155614 -0.0173142 -0.0178455 -0.0185477 -0.0022880 -0.0128087 -0.0296280 -0.0151301 -0.0111359 -0.0109570 -0.0113304 -0.0389327 -0.0097594 -0.0237256 -0.0183934 -0.0089463 -0.0336307 -0.0107856 -0.0173697 -0.0204129 -0.0198304 -0.0232067 -0.0370258 -0.0205078 -0.0308108 -0.0411370 -0.0405037 -0.0271715 -0.0320841 -0.0248256 -0.0373112 -0.0378429 -0.0370222 -0.0226912 -0.0321782 -0.0206131 -0.0180915 -0.0150467 -0.0237298 -0.0227801 -0.0192799 -0.0279575 -0.0154566 -0.0203451 -0.0229522 -0.0294351 -0.0179422 -0.0229886 -0.0260478 -0.0294420 -0.0024974 -0.0238874 -0.0202756 -0.0561515 -0.0555743 -0.0380930 -0.0088721 -0.0221461 -0.0147005 0.0123526 0.0127040 0.0125818 0.0143413 0.0129019 0.0121223 0.0134686 0.0149833 0.0134965 0.0151256 0.0134202 0.0123730 0.0136341 0.0127906 0.0132881 0.0146205 0.0064401 0.0125893
0.0517075 0.0558881 0.0546221 0.0517363 0.0612430 0.0563818 0.0570326 0.0579145 0.0607618 0.0590887 0.0649843 0.0646355 0.0600630 0.0608384 0.0483629 0.0513656 0.0444353 0.9541422 0.0649930 0.0629908 0.0556982 0.0599469 0.0597199 0.0549726 0.0024747 -0.0080021 -0.0003213 -0.0042404 -0.0018683 -0.0113316 -0.0082864 -0.0110319 -0.0069889 0.0035458 -0.0099906 -0.0051630 -0.0033169 -0.0058255 -0.0025186 -0.0063016 0.0073405 -0.0121744 -0.0100274 -0.0003890 0.0067060 -0.0025407 -0.0052328 -0.0252653 -0.0206508 -0.0137955 -0.0095785 -0.0189537 -0.0222631 -0.0017039 -0.0243177 -0.0178825 -0.0221944 -0.0141310 -0.0211545 -0.0132457 -0.0205613 -0.0301647 -0.0307270 -0.0158434 -0.0230904 -0.0174037 -0.0283602 -0.0248836 -0.0344401 -0.0095322 -0.0254962 -0.0169397 -0.0172900 -0.0062680 -0.0155837 -0.0021442 -0.0158965 -0.0185427 -0.0076741 -0.0324104 -0.0381683 -0.0214993 -0.0145426 -0.0157160 -0.0253342 -0.0162341 -0.0233576 -0.0240969 -0.0267311 -0.0466085 -0.0466597 -0.0204625 -0.0149722 -0.0277835 -0.0272437 -0.0435597 -0.0462752 -0.0452736 -0.0413764 -0.0437458 -0.0432347 -0.0454927 -0.0445979 -0.0427292 -0.0421480 -0.0457762 -0.0471692 -0.0477451 -0.0466223 -0.0450091 -0.0458609 -0.0513678 -0.0443566
0.0534279 0.0586217 0.0633172 0.0557623 0.0636109 0.0629551 0.0639627 0.0686518 0.0659364 0.0619426 0.0726685 0.0694275 0.0646222 0.0668704 0.0532571 0.0547903 0.0508484 0.0649930 0.9680665 0.0656524 0.0693215 0.0674433 0.0619916 0.0615445 0.0005331 -0.0032302 0.0037161 -0.0048215 -0.0062619 -0.0131764 -0.0087760 -0.0129038 -0.0095891 0.0024718 -0.0156585 -0.0009175 -0.0065616 -0.0086105 -0.0036665 -0.0016638 0.0046376 -0.0109428 -0.0156491 -0.0050259 0.0139282 -0.0011372 -0.0082983 -0.0273267 -0.0171073 -0.0113087 -0.0122838 -0.0190466 -0.0183229 -0.0038858 -0.0192858 -0.0110265 -0.0281717 -0.0200360 -0.0250518 -0.0121432 -0.0241997 -0.0318829 -0.0313626 -0.0127257 -0.0274763 -0.0189282 -0.0295031 -0.0253041 -0.0404487 -0.0102029 -0.0331689 -0.0283479 -0.0223002 -0.0063988 -0.0195229 -0.0111717 -0.0160438 -0.0264316 -0.0146736 -0.0324067 -0.0338996 -0.0310491 -0.0137497 -0.0249918 -0.0334846 -0.0234008 -0.0274136 -0.0260415 -0.0405238 -0.0504501 -0.0521223 -0.0242666 -0.0188828 -0.0272319 -0.0375370 -0.0415717 -0.0436083 -0.0439788 -0.0408171 -0.0404880 -0.0412001 -0.0423818 -0.0408998 -0.0432478 -0.0389349 -0.0431402 -0.0452080 -0.0427722 -0.0428786 -0.0442121 -0.0421405 -0.0456350 -0.0448405
0.0480790 0.0517190 0.0499289 0.0459970 0.0566904 0.0533694 0.0557653 0.0574124 0.0617979 0.0607520 0.0640967 0.0632780 0.0581119 0.0563298 0.0425533 0.0502281 0.0651553 0.0629908 0.0656524 0.9944860 0.0632442 0.0752624 0.0816499 0.0610915 -0.0092804 -0.0147624 -0.0096348 -0.0138741 -0.0172598 -0.0237386 -0.0232822 -0.0229459 -0.0193013 -0.0045348 -0.0191404 -0.0120688 -0.0092055 -0.0180830 -0.0128323 -0.0162255 -0.0071854 -0.0197557 -0.0294963 -0.0123478 -0.0014159 -0.0152619 -0.0206288 -0.0321984 -0.0189276 -0.0171256 -0.0142055 -0.0110724 -0.0174844 -0.0111698 -0.0273897 -0.0294796 -0.0286297 -0.0189428 -0.0324111 -0.0154139 -0.0329783 -0.0414952 -0.0420238 -0.0307905 -0.0304023 -0.0277250 -0.0340612 -0.0317098 -0.0475392 -0.0157584 -0.0362263 -0.0306645 -0.0255118 -0.0026524 -0.0195480 -0.0232113 -0.0239689 -0.0316256 -0.0211006 -0.0321909 -0.0484092 -0.0367979 -0.0376450 -0.0221401 -0.0426946 -0.0294496 -0.0084896 -0.0245431 -0.0264745 -0.0516193 -0.0522363 -0.0291369 -0.0064761 -0.0467463 -0.0228339 -0.0130248 -0.0145187 -0.0131398 -0.0100535 -0.0094234 -0.0126136 -0.0139234 -0.0083490 -0.0093902 -0.0085158 -0.0101751 -0.0117375 -0.0095081 -0.0116813 -0.0090693 -0.0106821 -0.0141126 -0.0137725
0.0447430 0.0416331 0.0464035 0.0394325 0.0505412 0.0472722 0.0471269 0.0507918 0.0502941 0.0501164 0.0569022 0.0528917 0.0492863 0.0498751 0.0384464 0.0402118 0.0622987 0.0556982 0.0693215 0.0632442 1.0053848 0.0696809 0.0676140 0.0676058 -0.0176938 -0.0185442 -0.0100538 -0.0197314 -0.0234044 -0.0326377 -0.0235403 -0.0308094 -0.0296616 -0.0096790 -0.0273476 -0.0215379 -0.0269623 -0.0208700 -0.0201888 -0.0192384 -0.0041784 -0.0214387 -0.0323946 -0.0172615 -0.0074648 -0.0153038 -0.0195587 -0.0477947 -0.0164515 -0.0204328 -0.0245531 -0.0094099 -0.0263529 -0.0203010 -0.0361274 -0.0248060 -0.0317771 -0.0314147 -0.0432762 -0.0247697 -0.0397506 -0.0421599 -0.0439973 -0.0269606 -0.0381205 -0.0329330 -0.0404295 -0.0486284 -0.0475664 -0.0212420 -0.0357378 -0.0264695 -0.0254973 -0.0159814 -0.0257428 -0.0308822 -0.0238155 -0.0203111 -0.0254220 -0.0289767 -0.0332952 -0.0377870 -0.0304645 -0.0237978 -0.0376599 -0.0376955 0.0019215 -0.0286801 -0.0237810 -0.0582965 -0.0592679 -0.0290045 -0.0041053 -0.0269193 -0.0213057 0.0111386 0.0135181 0.0139700 0.0155035 0.0145974 0.0130996 0.0126670 0.0152454 0.0141299 0.0161639 0.0127256 0.0127448 0.0147941 0.0120460 0.0148444 0.0137554 0.0078031 0.0137349
0.0679634 0.0676309 0.0706760 0.0642393 0.0759143 0.0716322 0.0712894 0.0771496 0.0754333 0.0731856 0.0793941 0.0799759 0.0749672 0.0754507 0.0662366 0.0651499 0.0471765 0.0599469 0.0674433 0.0752624 0.0696809 0.9770289 0.0738566 0.0709416 -0.0018944 -0.0001412 0.0033340 0.0020380 -0.0074183 -0.0141987 -0.0078112 -0.0109228 -0.0080732 0.0046635 -0.0091736 -0.0014456 -0.0050793 -0.0032387 -0.0054714 -0.0001192 0.0043793 -0.0118019 -0.0149989 -0.0017400 0.0095207 -0.0034807 -0.0084763 -0.0265057 -0.0169444 -0.0147020 -0.0079000 -0.0080654 -0.0097958 -0.0071378 -0.0239180 -0.0199938 -0.0306316 -0.0133272 -0.0190902 -0.0093478 -0.0276240 -0.0295160 -0.0302329 -0.0190632 -0.0323923 -0.0209346 -0.0337553 -0.0255640 -0.0395355 -0.0084320 -0.0351411 -0.0254027 -0.0226831 -0.0035725 -0.0180384 -0.0126050 -0.0147485 -0.0178084 -0.0014306 -0.0385661 -0.0496050 -0.0333213 -0.0283648 -0.0138749 -0.0404482 -0.0233082 -0.0276588 -0.0255746 -0.0348252 -0.0490690 -0.0489630 -0.0251059 -0.0180578 -0.0322312 -0.0379189 -0.0565700 -0.0561793 -0.0573651 -0.0526480 -0.0542302 -0.0558052 -0.0536815 -0.0535437 -0.0553904 -0.0525179 -0.0545183 -0.0542783 -0.0528406 -0.0550696 -0.0523126 -0.0570939 -0.0586816 -0.0561760
0.0475491 0.0503910 0.0527872 0.0480421 0.0588925 0.0549257 0.0551763 0.0584403 0.0610445 0.0587466 0.0648339 0.0640773 0.0589912 0.0577858 0.0449977 0.0477726 0.0530835 0.0597199 0.0619916 0.0816499 0.0676140 0.0738566 0.9832747 0.0662968 -0.0111116 -0.0186687 -0.0129915 -0.0165688 -0.0191421 -0.0249428 -0.0178820 -0.0231186 -0.0208923 -0.0058723 -0.0217157 -0.0185622 -0.0186350 -0.0190772 -0.0179838 -0.0165640 -0.0008416 -0.0179990 -0.0272149 -0.0109062 -0.0065634 -0.0110083 -0.0192134 -0.0380684 -0.0242177 -0.0189585 -0.0144087 -0.0109358 -0.0257020 -0.0134606 -0.0317389 -0.0218320 -0.0363669 -0.0154249 -0.0319130 -0.0183429 -0.0380220 -0.0417617 -0.0410381 -0.0329903 -0.0383259 -0.0249525 -0.0404844 -0.0379688 -0.0466266 -0.0189985 -0.0427970 -0.0277034 -0.0300594 -0.0079630 -0.0269414 -0.0251634 -0.0222820 -0.0311006 -0.0168758 -0.0279150 -0.0427455 -0.0345469 -0.0304429 -0.0197977 -0.0352248 -0.0299182 -0.0131620 -0.0202756 -0.0251482 -0.0585823 -0.0586294 -0.0335476 -0.0106720 -0.0361388 -0.0216758 -0.0049290 -0.0034763 -0.0063347 0.0007402 -0.0040662 -0.0017375 -0.0029198 -0.0013422 -0.0023642 0.0003362 -0.0039307 -0.0041004 -0.0014733 -0.0020618 -0.0008366 -0.0037136 -0.0077485 -0.0004140
0.0518865 0.0473345 0.0512350 0.0492815 0.0562724 0.0531561 0.0491317 0.0518885 0.0563635 0.0573070 0.0596130 0.0580215 0.0546208 0.0565426 0.0440187 0.0475923 0.0623841 0.0549726 0.0615445 0.0610915 0.0676058 0.0709416 0.0662968 0.9692781 -0.0019714 -0.0012358 -0.0045485 -0.0029582 -0.0097817 -0.0157963 -0.0127606 -0.0114050 -0.0138926 0.0006750 -0.0168263 -0.0059056 -0.0068045 -0.0056524 -0.0043812 -0.0085941 0.0052569 -0.0119909 -0.0194109 -0.0051166 0.0050061 -0.0025092 -0.0059794 -0.0321494 -0.0199826 -0.0144862 -0.0086916 -0.0051641 -0.0208909 -0.0083483 -0.0156649 -0.0191653 -0.0241225 -0.0179314 -0.0253220 -0.0202229 -0.0223622 -0.0302054 -0.0302835 -0.0236796 -0.0297411 -0.0232875 -0.0314853 -0.0312747 -0.0322217 -0.0066009 -0.0269782 -0.0171779 -0.0176165 -0.0100965 -0.0188362 -0.0125870 -0.0123302 -0.0178281 -0.0187974 -0.0322291 -0.0443803 -0.0312652 -0.0203013 -0.0186058 -0.0270972 -0.0274645 -0.0166037 -0.0278269 -0.0330031 -0.0422300 -0.0431317 -0.0274004 -0.0145532 -0.0278307 -0.0274742 -0.0339204 -0.0325018 -0.0348514 -0.0296961 -0.0301608 -0.0310391 -0.0304547 -0.0291592 -0.0301342 -0.0301403 -0.0320492 -0.0302793 -0.0339981 -0.0324010 -0.0306856 -0.0323803 -0.0357922 -0.0322383
0.0708119 0.0722239 0.0705585 0.0719242 0.0724775 0.0736923 0.0734244 0.0731212 0.0730287 0.0695842 0.0667668 0.0675281 0.0694091 0.0709600 0.0710847 0.0741626 -0.0162402 0.0024747 0.0005331 -0.0092804 -0.0176938 -0.0018944 -0.0111116 -0.0019714 0.8480690 0.0757122 0.0786867 0.0882910 0.1002855 0.1114825 0.1130808 0.0930643 0.0835215 0.0578121 0.0668579 0.0825430 0.0716123 0.0709548 0.0724937 0.0781419 0.0533595 0.0564663 0.0705667 0.0560604 0.0627323 0.0684780 0.0563096 0.0582611 -0.0021747 0.0418727 0.0280157 0.0182160 0.0302528 0.0388057 0.0372289 0.0237767 0.0232310 0.0246844 0.0636635 0.0357729 0.0627120 0.0537784 0.0538459 0.0569010 0.0470310 0.0554712 0.0404576 0.0596933 0.0467330 0.0666175 0.0420103 0.0160452 0.0162764 0.0389416 0.0382937 0.0412638 0.0252481 0.0096025 0.0221832 -0.0387361 -0.0523266 0.0328661 0.0335697 0.0417134 -0.0070052 0.0197126 -0.1115721 0.0260821 -0.0105587 0.0120930 0.0110669 0.0378207 -0.0655721 0.0255024 -0.0837822 -0.2619277 -0.2676832 -0.2626612 -0.2626116 -0.2614438 -0.2611279 -0.2604732 -0.2654549 -0.2651104 -0.2700533 -0.2687578 -0.2686795 -0.2713351 -0.2714746 -0.2719235 -0.2684075 -0.2719520 -0.2703806
0.0658683 0.0672554 0.0662401 0.0649758 0.0646464 0.0678458 0.0679725 0.0686205 0.0639510 0.0630235 0.0599979 0.0599671 0.0632022 0.0585307 0.0676952 0.0716187 -0.0194252 -0.0080021 -0.0032302 -0.0147624 -0.0185442 -0.0001412 -0.0186687 -0.0012358 0.0757122 0.8552741 0.1085413 0.0659697 0.0811120 0.0747745 0.0846030 0.0760545 0.0845413 0.0575638 0.0642280 0.0831965 0.0689047 0.0704209 0.0733818 0.0778079 0.0522928 0.0601486 0.0669700 0.0518389 0.0557153 0.0696252 0.0585082 0.0596905 0.0028682 0.0503779 0.0335716 0.0175431 0.0417131 0.0449432 0.0509000 0.0188517 0.0258127 0.0290967 0.0664826 0.0394682 0.0763853 0.0628683 0.0622985 0.0564776 0.0488563 0.0538584 0.0377963 0.0600174 0.0423342 0.0654402 0.0404481 0.0168346 0.0238820 0.0431252 0.0451849 0.0355916 0.0291902 0.0077219 0.0294000 -0.0326724 -0.0445171 0.0399587 0.0306200 0.0445725 0.0026019 0.0297598 -0.1174737 0.0270849 -0.0101886 0.0158123 0.0164754 0.0413061 -0.0589452 0.0242313 -0.0762330 -0.2544501 -0.2614892 -0.2586836 -0.2552463 -0.2569356 -0.2547801 -0.2585618 -0.2599111 -0.2599284 -0.2642271 -0.2629531 -0.2639143 -0.2639646 -0.2628528 -0.2674654 -0.2643608 -0.2643856 -0.2649626
0.0703477 0.0735692 0.0748645 0.0725274 0.0737222 0.0739522 0.0750931 0.0740223 0.0724683 0.0692732 0.0681171 0.0699998 0.0740097 0.0684197 0.0758318 0.0769180 -0.0165438 -0.0003213 0.0037161 -0.0096348 -0.0100538 0.0033340 -0.0129915 -0.0045485 0.0786867 0.1085413 0.8513011 0.0719769 0.0768302 0.0832081 0.0825915 0.0810994 0.0802233 0.0575191 0.0645623 0.0772910 0.0732755 0.0687298 0.0731516 0.0772058 0.0543783 0.0590263 0.0691289 0.0567783 0.0586708 0.0662124 0.0597561 0.0585090 -0.0012988 0.0462706 0.0262642 0.0203694 0.0344234 0.0369972 0.0422987 0.0166202 0.0224604 0.0307897 0.0635204 0.0434338 0.0699757 0.0594853 0.0587396 0.0612019 0.0521939 0.0497081 0.0393812 0.0584864 0.0423845 0.0679999 0.0460893 0.0159201 0.0151199 0.0419502 0.0438725 0.0393316 0.0247913 0.0060338 0.0269259 -0.0453201 -0.0509828 0.0381420 0.0309669 0.0392216 0.0025745 0.0237787 -0.1107771 0.0228764 -0.0111077 0.0099298 0.0096147 0.0372590 -0.0603223 0.0279100 -0.0766114 -0.2609447 -0.2667050 -0.2630118 -0.2594070 -0.2617225 -0.2587772 -0.2615171 -0.2625670 -0.2645335 -0.2674216 -0.2666959 -0.2689037 -0.2684586 -0.2687042 -0.2701376 -0.2675135 -0.2698717 -0.2685836
0.0556258 0.0586317 0.0621229 0.0614648 0.0584569 0.0594541 0.0619874 0.0604501 0.0607075 0.0595690 0.0578795 0.0580637 0.0592353 0.0593658 0.0620880 0.0621851 -0.0129417 -0.0042404 -0.0048215 -0.0138741 -0.0197314 0.0020380 -0.0165688 -0.0029582 0.0882910 0.0659697 0.0719769 0.8605301 0.1008437 0.0845501 0.0840557 0.0925483 0.0667925 0.0527617 0.0571058 0.0744269 0.0689542 0.0651797 0.0672489 0.0606295 0.0563016 0.0571298 0.0664448 0.0506840 0.0529609 0.0686864 0.0649683 0.0593399 -0.0033407 0.0398739 0.0341532 0.0191607 0.0375126 0.0446112 0.0406123 0.0134585 0.0247395 0.0236903 0.0615283 0.0315014 0.0649659 0.0574168 0.0579982 0.0535062 0.0448530 0.0484176 0.0312255 0.0597583 0.0422965 0.0635401 0.0364823 0.0191240 0.0263305 0.0338452 0.0372578 0.0339527 0.0227977 0.0051826 0.0202337 -0.0372413 -0.0438046 0.0327129 0.0295704 0.0366370 -0.0024894 0.0214961 -0.1028569 0.0228866 -0.0173228 0.0118785 0.0120421 0.0290554 -0.0636038 0.0219012 -0.0746068 -0.2386690 -0.2438852 -0.2425621 -0.2376040 -0.2373357 -0.2364891 -0.2389962 -0.2416337 -0.2436607 -0.2485149 -0.2448741 -0.2461541 -0.2472271 -0.2453866 -0.2488759 -0.2455979 -0.2485458 -0.2485825
0.0591618 0.0621134 0.0608396 0.0615896 0.0595832 0.0623287 0.0620668 0.0610560 0.0605585 0.0584560 0.0581484 0.0576441 0.0604219 0.0603592 0.0638948 0.0660528 -0.0220845 -0.0018683 -0.0062619 -0.0172598 -0.0234044 -0.0074183 -0.0191421 -0.0097817 0.1002855 0.0811120 0.0768302 0.1008437 0.8558264 0.0951340 0.0911388 0.1013795 0.0737229 0.0557683 0.0606176 0.0752929 0.0668887 0.0702069 0.0724310 0.0690347 0.0533312 0.0502334 0.0667374 0.0526592 0.0529316 0.0641901 0.0547077 0.0601056 0.0103630 0.0427107 0.0334700 0.0101821 0.0389483 0.0441568 0.0434007 0.0185373 0.0247127 0.0312672 0.0646024 0.0355635 0.0726202 0.0624059 0.0621254 0.0597413 0.0478435 0.0544385 0.0393662 0.0593404 0.0428924 0.0657743 0.0411056 0.0198791 0.0209377 0.0407035 0.0406522 0.0354701 0.0256082 0.0074369 0.0276709 -0.0344395 -0.0421390 0.0384649 0.0278974 0.0411726 -0.0015473 0.0186942 -0.1087972 0.0207162 -0.0105251 0.0179264 0.0186053 0.0347786 -0.0628770 0.0240291 -0.0752299 -0.2464212 -0.2539124 -0.2506322 -0.2487160 -0.2488017 -0.2472664 -0.2493890 -0.2529013 -0.2529702 -0.2561399 -0.2569067 -0.2555369 -0.2573329 -0.2570412 -0.2585175 -0.2570792 -0.2579156 -0.2580642
0.0564880 0.0594324 0.0604129 0.0588316 0.0569955 0.0604973 0.0622704 0.0584807 0.0585177 0.0545024 0.0524184 0.0525013 0.0564261 0.0536924 0.0616908 0.0626487 -0.0242899 -0.0113316 -0.0131764 -0.0237386 -0.0326377 -0.0141987 -0.0249428 -0.0157963 0.1114825 0.0747745 0.0832081 0.0845501 0.0951340 0.8558555 0.1135070 0.0925618 0.0754623 0.0584065 0.0676647 0.0798947 0.0743351 0.0814037 0.0726584 0.0774560 0.0524588 0.0601190 0.0774355 0.0573213 0.0613119 0.0685316 0.0617684 0.0741342 0.0045156 0.0442359 0.0304536 0.0203384 0.0398682 0.0422675 0.0534272 0.0206271 0.0246868 0.0301014 0.0671973 0.0370361 0.0774650 0.0683903 0.0694857 0.0652794 0.0513480 0.0581425 0.0447108 0.0746176 0.0539630 0.0738094 0.0484313 0.0194205 0.0266659 0.0382786 0.0392440 0.0488672 0.0253033 0.0121047 0.0285580 -0.0360659 -0.0418571 0.0448330 0.0363633 0.0430104 0.0038622 0.0293567 -0.1137403 0.0289671 -0.0101252 0.0228440 0.0230124 0.0407305 -0.0620435 0.0294550 -0.0785598 -0.2582188 -0.2661490 -0.2614996 -0.2601008 -0.2600198 -0.2580512 -0.2597004 -0.2627408 -0.2629302 -0.2677926 -0.2668820 -0.2671200 -0.2668699 -0.2690063 -0.2684906 -0.2680158 -0.2692986 -0.2690960
0.0674597 0.0696103 0.0717159 0.0683443 0.0697901 0.0667705 0.0702845 0.0692250 0.0669700 0.0640200 0.0633747 0.0630809 0.0661440 0.0627145 0.0720357 0.0734001 -0.0256792 -0.0082864 -0.0087760 -0.0232822 -0.0235403 -0.0078112 -0.0178820 -0.0127606 0.1130808 0.0846030 0.0825915 0.0840557 0.0911388 0.1135070 0.8538135 0.0941839 0.0860716 0.0626338 0.0705895 0.0889851 0.0799633 0.0829485 0.0827300 0.0835016 0.0609497 0.0624233 0.0800651 0.0598360 0.0643563 0.0795121 0.0638685 0.0735373 -0.0033823 0.0543973 0.0353689 0.0277181 0.0439587 0.0454254 0.0546867 0.0249428 0.0237274 0.0298675 0.0798240 0.0401680 0.0755275 0.0663187 0.0665378 0.0599053 0.0550174 0.0593137 0.0465608 0.0741010 0.0522562 0.0806408 0.0476406 0.0171845 0.0250497 0.0467547 0.0477884 0.0423561 0.0287147 0.0098202 0.0288474 -0.0382094 -0.0494304 0.0419932 0.0358433 0.0474131 -0.0010112 0.0274003 -0.1174902 0.0307196 -0.0098748 0.0231344 0.0233858 0.0435471 -0.0706071 0.0390940 -0.0857659 -0.2779095 -0.2844796 -0.2786277 -0.2784670 -0.2780162 -0.2757149 -0.2789206 -0.2810721 -0.2828288 -0.2857507 -0.2855663 -0.2853423 -0.2858120 -0.2868704 -0.2866980 -0.2871400 -0.2871107 -0.2863085
0.0558244 0.0605384 0.0584051 0.0586005 0.0571970 0.0567296 0.0602042 0.0589936 0.0591968 0.0554829 0.0518137 0.0538919 0.0571343 0.0550503 0.0591533 0.0649870 -0.0287033 -0.0110319 -0.0129038 -0.0229459 -0.0308094 -0.0109228 -0.0231186 -0.0114050 0.0930643 0.0760545 0.0810994 0.0925483 0.1013795 0.0925618 0.0941839 0.8536161 0.0800742 0.0555671 0.0594638 0.0816088 0.0710960 0.0696889 0.0743578 0.0684377 0.0497354 0.0565847 0.0679337 0.0522825 0.0547448 0.0684924 0.0594841 0.0621975 0.0000193 0.0467892 0.0291104 0.0226710 0.0341592 0.0461861 0.0481942 0.0236424 0.0250640 0.0324697 0.0626163 0.0412474 0.0710948 0.0675145 0.0677772 0.0560566 0.0479201 0.0528282 0.0462265 0.0625056 0.0479975 0.0689846 0.0514248 0.0207950 0.0242135 0.0356746 0.0381944 0.0441194 0.0290608 0.0103931 0.0240901 -0.0324542 -0.0410355 0.0392321 0.0293887 0.0404010 0.0024390 0.0241994 -0.1051136 0.0223447 -0.0063426 0.0111894 0.0121005 0.0357177 -0.0570762 0.0359505 -0.0737216 -0.2487588 -0.2540594 -0.2496823 -0.2487514 -0.2475315 -0.2472177 -0.2490574 -0.2517168 -0.2523295 -0.2554789 -0.2551815 -0.2568651 -0.2575065 -0.2582204 -0.2587414 -0.2575741 -0.2581706 -0.2570163
0.0679608 0.0676195 0.0699700 0.0691303 0.0677231 0.0706829 0.0717931 0.0716036 0.0686135 0.0671162 0.0631397 0.0647890 0.0692129 0.0634378 0.0718928 0.0782508 -0.0266463 -0.0069889 -0.0095891 -0.0193013 -0.0296616 -0.0080732 -0.0208923 -0.0138926 0.0835215 0.0845413 0.0802233 0.0667925 0.0737229 0.0754623 0.0860716 0.0800742 0.8530164 0.0631134 0.0777438 0.0964163 0.0775074 0.0875150 0.0910327 0.0897738 0.0593236 0.0683654 0.0819118 0.0630125 0.0659203 0.0707384 0.0621334 0.0772542 0.0042003 0.0609208 0.0388521 0.0216135 0.0452005 0.0471760 0.0530709 0.0256831 0.0295214 0.0333281 0.0802692 0.0417980 0.0793116 0.0710328 0.0700077 0.0672674 0.0591967 0.0631953 0.0512885 0.0758766 0.0529766 0.0753607 0.0504826 0.0227765 0.0234277 0.0518994 0.0486091 0.0444098 0.0338317 0.0138192 0.0308930 -0.0352832 -0.0442286 0.0433005 0.0361429 0.0471828 0.0039978 0.0354659 -0.1213747 0.0358313 -0.0054184 0.0218621 0.0218708 0.0440086 -0.0683913 0.0279174 -0.0740034 -0.2819086 -0.2847145 -0.2831201 -0.2821687 -0.2812887 -0.2792351 -0.2810793 -0.2850437 -0.2855423 -0.2904951 -0.2889733 -0.2898750 -0.2898894 -0.2909000 -0.2913906 -0.2888302 -0.2894252 -0.2905905
0.0546701 0.0566053 0.0569260 0.0554906 0.0560316 0.0557570 0.0580047 0.0575042 0.0561062 0.0541843 0.0528021 0.0539371 0.0555322 0.0542486 0.0569815 0.0572350 -0.0083201 0.0035458 0.0024718 -0.0045348 -0.0096790 0.0046635 -0.0058723 0.0006750 0.0578121 0.0575638 0.0575191 0.0527617 0.0557683 0.0584065 0.0626338 0.0555671 0.0631134 0.9236833 0.0516365 0.0621482 0.0555286 0.0558819 0.0587065 0.0578730 0.0442681 0.0462796 0.0549971 0.0433332 0.0468632 0.0526438 0.0468163 0.0517899 0.0043277 0.0398135 0.0288329 0.0163324 0.0320730 0.0327842 0.0376319 0.0175442 0.0206973 0.0234447 0.0534905 0.0316078 0.0560681 0.0498561 0.0497073 0.0451453 0.0399537 0.0436575 0.0339605 0.0525637 0.0360038 0.0523149 0.0354527 0.0159519 0.0187219 0.0358591 0.0353405 0.0317373 0.0243063 0.0104392 0.0244186 -0.0270871 -0.0318887 0.0302780 0.0261827 0.0344650 0.0033598 0.0218992 -0.0811728 0.0233130 -0.0048910 0.0182445 0.0179022 0.0318160 -0.0444452 0.0230860 -0.0556907 -0.1949619 -0.1990446 -0.1965107 -0.1954465 -0.1950020 -0.1928463 -0.1949950 -0.1972318 -0.1984571 -0.2019928 -0.2007015 -0.2021292 -0.2017003 -0.2027459 -0.2035664 -0.2022415 -0.2037188 -0.2026772
