0.8778705 0.1782085 0.1445990 0.1654237 0.1497921 0.1437217 0.1478339 0.1533631 0.1473675 0.1441025 0.1453742 0.1525802 0.1425831 0.1412106 0.1347813 0.1369590 0.0306776 0.0530372 0.0549960 0.0504937 0.0458008 0.0702553 0.0487045 0.0532902 0.0687378 0.0641493 0.0682508 0.0525721 0.0566672 0.0537947 0.0655252 0.0504310 0.0672686 0.0564732 0.0527421 0.0693069 0.0610196 0.0605407 0.0688554 0.0633826 0.0522425 0.0442711 0.0496470 0.0491212 0.0642093 0.0580595 0.0481903 0.0361038 -0.0136223 0.0361059 0.0189239 0.0069552 0.0166826 0.0305212 0.0194070 0.0086334 -0.0024699 0.0072145 0.0378166 0.0199565 0.0376612 0.0203038 0.0188241 0.0396361 0.0174030 0.0357010 0.0081004 0.0371642 0.0044217 0.0517396 0.0113911 -0.0093068 -0.0020860 0.0337170 0.0175590 0.0185664 0.0113981 -0.0103854 0.0114999 -0.0712436 -0.0816246 -0.0006434 0.0050962 0.0174708 -0.0325443 -0.0077136 -0.1229181 -0.0001536 -0.0357852 -0.0162769 -0.0165797 0.0130321 -0.0679465 -0.0028863 -0.1036808 -0.2738702 -0.2769142 -0.2759416 -0.2737666 -0.2734025 -0.2726705 -0.2731341 -0.2741910 -0.2756028 -0.2773270 -0.2795464 -0.2783843 -0.2783166 -0.2792883 -0.2797064 -0.2784773 -0.2821015 -0.2780628
0.1782085 0.8849314 0.1474371 0.1749845 0.1516142 0.1503054 0.1528558 0.1554618 0.1500065 0.1480733 0.1512245 0.1543778 0.1511050 0.1462355 0.1377248 0.1418201 0.0275780 0.0568295 0.0597458 0.0534171 0.0423501 0.0691188 0.0511755 0.0483517 0.0705653 0.0659070 0.0718654 0.0561216 0.0601135 0.0573116 0.0680500 0.0559183 0.0670363 0.0582680 0.0533068 0.0713896 0.0619904 0.0643151 0.0723450 0.0671802 0.0560260 0.0464695 0.0506771 0.0533610 0.0655302 0.0608784 0.0458181 0.0326745 -0.0147117 0.0406852 0.0190218 0.0069690 0.0172761 0.0302048 0.0204662 0.0085390 -0.0044452 0.0091482 0.0400108 0.0222021 0.0376081 0.0239541 0.0228193 0.0398674 0.0208003 0.0373635 0.0119832 0.0343737 0.0043108 0.0533737 0.0122885 -0.0090723 -0.0016487 0.0334190 0.0185516 0.0245202 0.0097189 -0.0125723 0.0140026 -0.0751874 -0.0830008 -0.0001622 0.0051639 0.0160261 -0.0361227 -0.0059604 -0.1253778 0.0027236 -0.0376958 -0.0215273 -0.0229636 0.0143135 -0.0706106 0.0009643 -0.1050483 -0.2822378 -0.2862086 -0.2838876 -0.2817854 -0.2823239 -0.2823856 -0.2813939 -0.2857284 -0.2850045 -0.2867072 -0.2863897 -0.2889007 -0.2867338 -0.2880048 -0.2874416 -0.2876067 -0.2912100 -0.2872502
0.1445990 0.1474371 0.8803766 0.1441327 0.1895196 0.1829212 0.2009347 0.1907912 0.1539944 0.1527868 0.1541177 0.1570501 0.1532409 0.1503539 0.1425212 0.1446009 0.0352688 0.0556862 0.0645847 0.0517761 0.0473246 0.0723344 0.0537550 0.0523052 0.0688372 0.0648286 0.0730530 0.0595575 0.0587809 0.0582330 0.0701358 0.0537261 0.0692551 0.0585490 0.0554067 0.0747051 0.0659214 0.0611159 0.0714018 0.0692725 0.0602143 0.0495303 0.0487654 0.0505969 0.0687432 0.0650580 0.0483931 0.0317137 -0.0186950 0.0347787 0.0217249 0.0057906 0.0174612 0.0304970 0.0195134 0.0080635 -0.0020607 0.0067319 0.0352906 0.0203024 0.0370973 0.0203755 0.0203145 0.0340160 0.0146780 0.0305693 0.0077714 0.0328250 0.0021658 0.0496383 0.0101991 -0.0087136 -0.0029137 0.0347837 0.0202054 0.0206552 0.0088960 -0.0149291 0.0126676 -0.0789894 -0.0903381 -0.0003645 0.0066150 0.0153776 -0.0374093 -0.0063184 -0.1246800 -0.0065566 -0.0405044 -0.0232018 -0.0240648 0.0113865 -0.0730980 -0.0027936 -0.1099834 -0.2847970 -0.2888907 -0.2876112 -0.2834390 -0.2834244 -0.2829292 -0.2845341 -0.2852661 -0.2876876 -0.2892456 -0.2899668 -0.2908717 -0.2896937 -0.2900394 -0.2909248 -0.2900965 -0.2940102 -0.2912767
0.1654237 0.1749845 0.1441327 0.8858804 0.1447506 0.1442636 0.1442862 0.1504869 0.1456515 0.1400613 0.1457880 0.1468243 0.1400867 0.1410210 0.1334554 0.1365584 0.0304520 0.0530974 0.0573810 0.0484660 0.0405132 0.0664079 0.0492214 0.0507048 0.0699749 0.0633902 0.0704969 0.0584577 0.0592374 0.0562445 0.0665056 0.0534016 0.0684093 0.0572099 0.0544904 0.0688820 0.0621316 0.0646781 0.0699743 0.0662496 0.0552547 0.0473683 0.0549649 0.0533946 0.0673713 0.0603265 0.0467073 0.0360260 -0.0127392 0.0389577 0.0233796 0.0060032 0.0180109 0.0308048 0.0235807 0.0087847 -0.0007914 0.0108415 0.0393942 0.0237793 0.0360996 0.0217424 0.0218348 0.0407585 0.0221463 0.0338158 0.0085759 0.0383169 0.0050476 0.0541416 0.0125140 -0.0057516 -0.0021093 0.0344163 0.0208160 0.0208467 0.0106294 -0.0094011 0.0135461 -0.0725244 -0.0814119 0.0010539 0.0099900 0.0192075 -0.0340127 -0.0070195 -0.1241167 0.0009773 -0.0367373 -0.0159072 -0.0157520 0.0164704 -0.0692937 -0.0002370 -0.1018816 -0.2767765 -0.2796616 -0.2771362 -0.2748779 -0.2765412 -0.2748219 -0.2757258 -0.2778313 -0.2785873 -0.2814583 -0.2810727 -0.2818237 -0.2814426 -0.2812504 -0.2812196 -0.2803148 -0.2851935 -0.2797999
0.1497921 0.1516142 0.1895196 0.1447506 0.8930516 0.1977416 0.2030719 0.2006151 0.1566532 0.1546149 0.1570943 0.1610964 0.1552154 0.1531686 0.1423631 0.1477690 0.0345540 0.0626867 0.0652990 0.0592201 0.0517479 0.0782316 0.0601219 0.0577235 0.0703058 0.0628480 0.0714527 0.0552092 0.0569854 0.0542676 0.0677683 0.0514823 0.0668919 0.0578493 0.0499706 0.0718567 0.0609916 0.0615107 0.0724349 0.0650358 0.0610378 0.0467027 0.0467915 0.0514659 0.0679258 0.0598444 0.0477738 0.0273928 -0.0163457 0.0358506 0.0179625 0.0079537 0.0138757 0.0299558 0.0165108 0.0061098 -0.0056649 0.0057296 0.0332176 0.0136758 0.0340306 0.0201625 0.0166969 0.0347827 0.0177110 0.0328046 0.0054910 0.0282745 0.0000349 0.0533273 0.0070879 -0.0134229 -0.0066488 0.0336151 0.0184163 0.0199770 0.0064410 -0.0165640 0.0109286 -0.0800186 -0.0923980 -0.0036508 0.0019470 0.0127591 -0.0375646 -0.0080562 -0.1250107 -0.0061664 -0.0399216 -0.0220289 -0.0225084 0.0116676 -0.0723237 -0.0083735 -0.1066598 -0.2832482 -0.2853699 -0.2835539 -0.2802772 -0.2812294 -0.2803418 -0.2814795 -0.2820785 -0.2826657 -0.2851903 -0.2876821 -0.2875252 -0.2867842 -0.2877494 -0.2870151 -0.2865997 -0.2916319 -0.2863615
0.1437217 0.1503054 0.1829212 0.1442636 0.1977416 0.8881398 0.1956776 0.1937935 0.1541130 0.1525482 0.1546450 0.1603552 0.1516014 0.1506403 0.1414980 0.1465465 0.0354606 0.0569460 0.0635350 0.0541616 0.0477692 0.0720511 0.0553686 0.0536554 0.0726709 0.0670298 0.0728820 0.0578194 0.0610991 0.0591486 0.0657849 0.0535083 0.0702533 0.0570947 0.0501470 0.0704427 0.0588608 0.0575296 0.0662953 0.0657723 0.0601772 0.0482580 0.0501574 0.0500193 0.0677828 0.0616260 0.0491168 0.0257285 -0.0178965 0.0326017 0.0150046 0.0091903 0.0135277 0.0314054 0.0164111 0.0083075 -0.0080300 0.0055737 0.0337758 0.0172466 0.0373323 0.0209506 0.0200491 0.0358678 0.0159003 0.0342614 0.0059236 0.0267611 0.0038847 0.0531616 0.0063036 -0.0110549 -0.0057268 0.0327651 0.0178634 0.0208923 0.0096803 -0.0191690 0.0124567 -0.0784236 -0.0915972 -0.0002166 0.0059172 0.0158623 -0.0387063 -0.0037478 -0.1238362 -0.0068260 -0.0399492 -0.0334824 -0.0349903 0.0102702 -0.0699576 -0.0078302 -0.1059400 -0.2821061 -0.2839880 -0.2841387 -0.2803723 -0.2805912 -0.2797889 -0.2812490 -0.2831398 -0.2821310 -0.2868785 -0.2860788 -0.2865357 -0.2873971 -0.2879608 -0.2860186 -0.2852516 -0.2889540 -0.2876779
0.1478339 0.1528558 0.2009347 0.1442862 0.2030719 0.1956776 0.8867272 0.2075701 0.1568612 0.1559082 0.1582691 0.1633054 0.1546186 0.1564042 0.1417532 0.1491267 0.0315335 0.0583479 0.0655878 0.0582674 0.0482284 0.0734488 0.0562956 0.0505084 0.0712245 0.0661470 0.0728741 0.0587371 0.0594458 0.0594886 0.0682556 0.0543349 0.0710227 0.0599912 0.0549456 0.0737450 0.0607454 0.0631638 0.0727943 0.0716505 0.0603037 0.0462197 0.0504394 0.0521409 0.0674093 0.0602863 0.0482245 0.0304507 -0.0160642 0.0360505 0.0194585 0.0061472 0.0155863 0.0311757 0.0159306 0.0084945 -0.0029435 0.0054888 0.0337960 0.0128819 0.0338982 0.0211845 0.0188344 0.0388175 0.0207668 0.0362581 0.0097345 0.0323716 0.0026079 0.0556908 0.0085279 -0.0116898 -0.0052310 0.0347608 0.0200338 0.0214007 0.0082725 -0.0142035 0.0119148 -0.0795019 -0.0913914 -0.0020932 0.0065046 0.0133320 -0.0375283 -0.0059652 -0.1301602 -0.0064118 -0.0399810 -0.0191310 -0.0202883 0.0110521 -0.0748659 -0.0078164 -0.1111821 -0.2911679 -0.2951840 -0.2928677 -0.2911642 -0.2910426 -0.2886421 -0.2919779 -0.2931701 -0.2928827 -0.2961314 -0.2961065 -0.2981884 -0.2955547 -0.2976680 -0.2966677 -0.2971645 -0.2973492 -0.2965698
0.1533631 0.1554618 0.1907912 0.1504869 0.2006151 0.1937935 0.2075701 0.8954387 0.1616453 0.1568475 0.1614802 0.1684104 0.1568068 0.1583952 0.1467840 0.1496337 0.0356990 0.0593707 0.0703998 0.0600128 0.0519767 0.0795230 0.0597756 0.0534576 0.0708615 0.0667349 0.0716908 0.0570217 0.0583282 0.0555186 0.0670983 0.0531541 0.0707466 0.0593794 0.0525418 0.0733116 0.0618339 0.0626865 0.0720511 0.0684654 0.0610626 0.0458226 0.0501449 0.0529431 0.0661718 0.0623679 0.0466860 0.0299523 -0.0172422 0.0359393 0.0160735 0.0099851 0.0140188 0.0316100 0.0182909 0.0069964 -0.0051723 0.0024077 0.0305575 0.0161769 0.0346156 0.0181346 0.0165267 0.0345078 0.0169307 0.0343416 0.0058189 0.0306006 0.0025555 0.0526631 0.0078748 -0.0111144 -0.0058334 0.0363780 0.0179198 0.0209223 0.0084720 -0.0163579 0.0117698 -0.0801368 -0.0924132 -0.0043549 0.0054412 0.0143667 -0.0358619 -0.0076194 -0.1278577 -0.0030173 -0.0410222 -0.0217328 -0.0228930 0.0115760 -0.0732554 -0.0055939 -0.1077297 -0.2892340 -0.2921329 -0.2901781 -0.2872074 -0.2884305 -0.2873939 -0.2887216 -0.2905829 -0.2912191 -0.2930644 -0.2944689 -0.2937311 -0.2942193 -0.2943364 -0.2944558 -0.2932600 -0.2973821 -0.2938110
0.1473675 0.1500065 0.1539944 0.1456515 0.1566532 0.1541130 0.1568612 0.1616453 0.8957935 0.1884025 0.1976251 0.1947117 0.1913655 0.1857974 0.1491279 0.1542834 0.0362351 0.0613433 0.0666150 0.0626135 0.0507521 0.0760367 0.0615005 0.0569201 0.0717466 0.0629728 0.0711557 0.0588697 0.0590742 0.0568687 0.0658595 0.0553406 0.0681513 0.0575655 0.0502520 0.0707596 0.0603257 0.0601715 0.0677573 0.0656277 0.0595621 0.0423124 0.0463213 0.0557330 0.0699411 0.0618202 0.0513133 0.0280610 -0.0183001 0.0339404 0.0195336 0.0029685 0.0114608 0.0310810 0.0217740 0.0075000 -0.0070249 0.0083066 0.0320612 0.0178101 0.0338346 0.0199488 0.0197970 0.0328868 0.0143499 0.0352685 0.0067677 0.0293167 0.0013070 0.0537376 0.0080574 -0.0102701 -0.0009188 0.0318968 0.0163459 0.0191353 0.0037928 -0.0168330 0.0120096 -0.0794656 -0.0873806 -0.0009743 -0.0008552 0.0167424 -0.0407814 -0.0094229 -0.1211182 -0.0031045 -0.0416796 -0.0364929 -0.0363719 0.0114673 -0.0733085 -0.0056443 -0.1089591 -0.2851198 -0.2873236 -0.2847331 -0.2824337 -0.2825889 -0.2827337 -0.2839375 -0.2853597 -0.2861321 -0.2874911 -0.2892790 -0.2877751 -0.2887383 -0.2893727 -0.2879522 -0.2894123 -0.2941440 -0.2881803
0.1441025 0.1480733 0.1527868 0.1400613 0.1546149 0.1525482 0.1559082 0.1568475 0.1884025 0.8909460 0.1858678 0.1915976 0.1996993 0.1846458 0.1417808 0.1489409 0.0340780 0.0601641 0.0631700 0.0625529 0.0509928 0.0747204 0.0596267 0.0584082 0.0677450 0.0615773 0.0674152 0.0568848 0.0562931 0.0521668 0.0623497 0.0504907 0.0664632 0.0558818 0.0503384 0.0699845 0.0557309 0.0572276 0.0687490 0.0655351 0.0550606 0.0422478 0.0461464 0.0542946 0.0662106 0.0571794 0.0460494 0.0286603 -0.0197207 0.0341838 0.0175275 0.0075087 0.0129205 0.0318077 0.0150040 0.0076393 -0.0069945 0.0045302 0.0303314 0.0158749 0.0317659 0.0169790 0.0145392 0.0307400 0.0159538 0.0323901 0.0042927 0.0292352 -0.0010198 0.0480878 0.0047752 -0.0115545 -0.0032276 0.0297930 0.0142765 0.0179948 0.0039851 -0.0163723 0.0110260 -0.0769069 -0.0897480 -0.0037586 0.0014848 0.0147532 -0.0415397 -0.0079394 -0.1212113 -0.0075097 -0.0412449 -0.0296182 -0.0289497 0.0097989 -0.0711108 -0.0088606 -0.1043348 -0.2779107 -0.2794172 -0.2796886 -0.2746990 -0.2749841 -0.2740719 -0.2770469 -0.2766866 -0.2783318 -0.2799910 -0.2818106 -0.2815470 -0.2801757 -0.2815109 -0.2813518 -0.2808173 -0.2844357 -0.2814541
0.1453742 0.1512245 0.1541177 0.1457880 0.1570943 0.1546450 0.1582691 0.1614802 0.1976251 0.1858678 0.9150823 0.2036302 0.1909819 0.1875817 0.1488703 0.1506931 0.0404998 0.0666836 0.0746687 0.0672231 0.0582401 0.0823113 0.0663186 0.0613995 0.0641450 0.0578403 0.0653892 0.0539776 0.0550469 0.0491662 0.0609637 0.0452061 0.0621750 0.0547909 0.0469912 0.0668534 0.0569472 0.0564014 0.0660723 0.0608884 0.0555226 0.0403439 0.0446452 0.0519252 0.0660609 0.0566594 0.0434852 0.0249278 -0.0181206 0.0311317 0.0187139 0.0023440 0.0114438 0.0259996 0.0148728 0.0057747 -0.0096683 0.0054022 0.0288269 0.0162454 0.0252205 0.0099604 0.0090247 0.0308524 0.0116948 0.0297161 0.0022376 0.0260340 -0.0047128 0.0447368 0.0016548 -0.0162254 -0.0054419 0.0298051 0.0149527 0.0148158 0.0018577 -0.0153999 0.0062811 -0.0781609 -0.0897208 -0.0088156 0.0009030 0.0106294 -0.0438595 -0.0143725 -0.1192535 -0.0069839 -0.0443279 -0.0250679 -0.0247403 0.0109123 -0.0726152 -0.0077858 -0.1059857 -0.2713664 -0.2747260 -0.2733392 -0.2690169 -0.2705579 -0.2703297 -0.2712114 -0.2724048 -0.2725652 -0.2727683 -0.2759604 -0.2759557 -0.2756066 -0.2772522 -0.2754002 -0.2779310 -0.2817188 -0.2757991
0.1525802 0.1543778 0.1570501 0.1468243 0.1610964 0.1603552 0.1633054 0.1684104 0.1947117 0.1915976 0.2036302 0.9086361 0.1960975 0.1911434 0.1462427 0.1562316 0.0377274 0.0659430 0.0709721 0.0655653 0.0539939 0.0820265 0.0652168 0.0593584 0.0654839 0.0582730 0.0678494 0.0550113 0.0551455 0.0498382 0.0612251 0.0483995 0.0640177 0.0557742 0.0517498 0.0708644 0.0586172 0.0561124 0.0673935 0.0622998 0.0580873 0.0409148 0.0475308 0.0517524 0.0684494 0.0563641 0.0472913 0.0244963 -0.0217629 0.0307134 0.0168331 0.0038598 0.0132806 0.0306144 0.0152197 0.0039823 -0.0085179 0.0088043 0.0286181 0.0135334 0.0266387 0.0122849 0.0114300 0.0296568 0.0134156 0.0297317 0.0041926 0.0260136 -0.0031994 0.0496175 0.0054758 -0.0156623 -0.0051897 0.0277243 0.0121278 0.0176705 0.0026439 -0.0198278 0.0097202 -0.0778407 -0.0904879 -0.0074748 -0.0001243 0.0095720 -0.0461166 -0.0120977 -0.1192099 -0.0088257 -0.0438453 -0.0300169 -0.0304972 0.0064907 -0.0702297 -0.0122373 -0.1084068 -0.2793176 -0.2806650 -0.2793192 -0.2764178 -0.2773662 -0.2772660 -0.2780943 -0.2779208 -0.2809860 -0.2797418 -0.2818869 -0.2823238 -0.2822461 -0.2821628 -0.2815771 -0.2831378 -0.2866917 -0.2830380
0.1425831 0.1511050 0.1532409 0.1400867 0.1552154 0.1516014 0.1546186 0.1568068 0.1913655 0.1996993 0.1909819 0.1960975 0.8971550 0.1922679 0.1453027 0.1498418 0.0321157 0.0608703 0.0655791 0.0594863 0.0500118 0.0760255 0.0597301 0.0554335 0.0679421 0.0620676 0.0724989 0.0570244 0.0587703 0.0545063 0.0647985 0.0529117 0.0686276 0.0570779 0.0485775 0.0707075 0.0612275 0.0612281 0.0708632 0.0641515 0.0569900 0.0431919 0.0484376 0.0567431 0.0672204 0.0603667 0.0508285 0.0255898 -0.0190441 0.0349721 0.0149924 0.0091293 0.0161688 0.0276339 0.0191749 0.0061418 -0.0072690 0.0075775 0.0345651 0.0165007 0.0357887 0.0184005 0.0177272 0.0306365 0.0180299 0.0340099 0.0043395 0.0276849 -0.0004006 0.0507224 0.0065156 -0.0102283 -0.0058258 0.0327234 0.0161895 0.0208959 0.0057284 -0.0154303 0.0118426 -0.0806142 -0.0900562 -0.0042435 -0.0000523 0.0159260 -0.0422711 -0.0099333 -0.1233184 -0.0065272 -0.0423651 -0.0332496 -0.0331943 0.0098266 -0.0745608 -0.0064126 -0.1090453 -0.2826617 -0.2857095 -0.2840014 -0.2788136 -0.2799536 -0.2802567 -0.2821349 -0.2827278 -0.2839235 -0.2850516 -0.2877670 -0.2862529 -0.2875394 -0.2883185 -0.2871168 -0.2866352 -0.2920097 -0.2873836
0.1412106 0.1462355 0.1503539 0.1410210 0.1531686 0.1506403 0.1564042 0.1583952 0.1857974 0.1846458 0.1875817 0.1911434 0.1922679 0.9000912 0.1453440 0.1434678 0.0374956 0.0624160 0.0687013 0.0590714 0.0510504 0.0780339 0.0591489 0.0581259 0.0686625 0.0566419 0.0660291 0.0558706 0.0575174 0.0506954 0.0606116 0.0490137 0.0626272 0.0562458 0.0496315 0.0694339 0.0598960 0.0575627 0.0672500 0.0658608 0.0545866 0.0427924 0.0491841 0.0534270 0.0659902 0.0582028 0.0471950 0.0306555 -0.0175065 0.0339189 0.0177625 0.0050520 0.0134414 0.0269197 0.0176336 0.0082128 -0.0091491 0.0064086 0.0326034 0.0160846 0.0312058 0.0141576 0.0134483 0.0341217 0.0168653 0.0309286 0.0037955 0.0320741 -0.0000987 0.0485457 0.0047238 -0.0149657 -0.0043994 0.0318549 0.0171473 0.0206336 0.0065509 -0.0152665 0.0099679 -0.0785374 -0.0884775 -0.0076066 0.0010325 0.0128649 -0.0423123 -0.0099729 -0.1217899 -0.0067067 -0.0415267 -0.0225583 -0.0226467 0.0124572 -0.0739188 -0.0018043 -0.1071861 -0.2780088 -0.2803295 -0.2789625 -0.2764224 -0.2766728 -0.2754463 -0.2781184 -0.2779545 -0.2795975 -0.2798992 -0.2823026 -0.2823804 -0.2809345 -0.2833419 -0.2826560 -0.2821037 -0.2854322 -0.2832370
0.1347813 0.1377248 0.1425212 0.1334554 0.1423631 0.1414980 0.1417532 0.1467840 0.1491279 0.1417808 0.1488703 0.1462427 0.1453027 0.1453440 0.8775225 0.1389518 0.0285976 0.0487616 0.0536608 0.0431260 0.0388283 0.0664175 0.0453141 0.0444118 0.0703197 0.0671228 0.0750176 0.0607920 0.0629525 0.0606617 0.0713170 0.0564274 0.0715732 0.0581319 0.0590655 0.0715365 0.0628781 0.0664649 0.0713122 0.0693781 0.0587997 0.0502098 0.0528392 0.0556110 0.0658923 0.0664293 0.0480250 0.0361712 -0.0147034 0.0377015 0.0240368 0.0101331 0.0184376 0.0358899 0.0269740 0.0076642 0.0018442 0.0163148 0.0432426 0.0251416 0.0434694 0.0297261 0.0269084 0.0351057 0.0228023 0.0365183 0.0139033 0.0375466 0.0084670 0.0550593 0.0153582 -0.0020261 0.0029351 0.0334348 0.0216611 0.0235354 0.0105231 -0.0118865 0.0158528 -0.0691197 -0.0798656 0.0084605 0.0134237 0.0225737 -0.0302618 -0.0017958 -0.1214698 0.0017164 -0.0349642 -0.0255792 -0.0255708 0.0137933 -0.0666672 -0.0001212 -0.1008419 -0.2780964 -0.2828769 -0.2825525 -0.2788171 -0.2784861 -0.2768158 -0.2809910 -0.2809050 -0.2812449 -0.2841902 -0.2847969 -0.2848021 -0.2845301 -0.2847321 -0.2855513 -0.2850052 -0.2881270 -0.2858020
0.1369590 0.1418201 0.1446009 0.1365584 0.1477690 0.1465465 0.1491267 0.1496337 0.1542834 0.1489409 0.1506931 0.1562316 0.1498418 0.1434678 0.1389518 0.8800121 0.0258384 0.0510789 0.0543087 0.0494725 0.0400423 0.0639135 0.0474185 0.0471952 0.0741032 0.0716554 0.0768110 0.0620804 0.0660418 0.0625949 0.0734368 0.0639043 0.0781602 0.0580093 0.0592152 0.0768276 0.0632120 0.0669165 0.0727659 0.0685599 0.0629361 0.0535718 0.0571081 0.0531288 0.0665140 0.0689216 0.0542840 0.0312004 -0.0141202 0.0359143 0.0230396 0.0107390 0.0167447 0.0373392 0.0251269 0.0068381 -0.0001406 0.0153666 0.0423058 0.0253006 0.0469201 0.0316196 0.0302599 0.0357369 0.0226387 0.0406050 0.0137877 0.0333937 0.0068395 0.0556799 0.0174821 -0.0037389 0.0030451 0.0368597 0.0205293 0.0299085 0.0132252 -0.0141642 0.0157478 -0.0705268 -0.0811776 0.0088413 0.0082006 0.0196369 -0.0304133 -0.0021121 -0.1217922 0.0010283 -0.0361459 -0.0354775 -0.0361132 0.0143562 -0.0495561 -0.0025723 -0.1046752 -0.2832270 -0.2864566 -0.2852919 -0.2795407 -0.2822920 -0.2796461 -0.2828202 -0.2839280 -0.2856058 -0.2869043 -0.2887145 -0.2886713 -0.2884184 -0.2895616 -0.2891849 -0.2891823 -0.2920505 -0.2889686
0.0306776 0.0275780 0.0352688 0.0304520 0.0345540 0.0354606 0.0315335 0.0356990 0.0362351 0.0340780 0.0404998 0.0377274 0.0321157 0.0374956 0.0285976 0.0258384 0.9787428 0.0419960 0.0477288 0.0598441 0.0605922 0.0412667 0.0509305 0.0596290 -0.0134386 -0.0169233 -0.0137734 -0.0087256 -0.0185257 -0.0205665 -0.0228995 -0.0227716 -0.0257424 -0.0096459 -0.0141828 -0.0172299 -0.0142631 -0.0177303 -0.0177058 -0.0179973 0.0020422 -0.0066225 -0.0307781 -0.0159855 -0.0115017 -0.0058177 -0.0070238 -0.0457201 -0.0136954 -0.0275737 -0.0205069 -0.0041521 -0.0383723 -0.0074681 -0.0156442 -0.0225356 -0.0174134 -0.0212708 -0.0325230 -0.0166874 -0.0219089 -0.0296832 -0.0286473 -0.0316833 -0.0365076 -0.0235252 -0.0376261 -0.0445093 -0.0362370 -0.0215146 -0.0305309 -0.0150951 -0.0176949 -0.0153323 -0.0232897 -0.0179408 -0.0146545 -0.0332117 -0.0148332 -0.0212104 -0.0221699 -0.0219848 -0.0177045 -0.0197711 -0.0255210 -0.0276737 0.0011677 -0.0250508 -0.0230040 -0.0840750 -0.0843415 -0.0434222 -0.0063176 -0.0210230 -0.0170196 0.0128900 0.0134464 0.0132918 0.0148245 0.0128878 0.0130174 0.0138448 0.0154782 0.0142190 0.0158284 0.0141106 0.0129384 0.0141524 0.0133181 0.0141106 0.0153408 0.0067088 0.0131021
0.0530372 0.0568295 0.0556862 0.0530974 0.0626867 0.0569460 0.0583479 0.0593707 0.0613433 0.0601641 0.0666836 0.0659430 0.0608703 0.0624160 0.0487616 0.0510789 0.0419960 0.9545870 0.0674480 0.0667892 0.0570682 0.0637357 0.0613068 0.0570682 -0.0004384 -0.0105940 -0.0034265 -0.0088204 -0.0054335 -0.0149891 -0.0110109 -0.0176641 -0.0078334 0.0055046 -0.0111884 -0.0075396 -0.0047760 -0.0052656 -0.0025990 -0.0067962 0.0030560 -0.0182121 -0.0089129 0.0004923 0.0072700 -0.0079121 -0.0094698 -0.0197156 -0.0170691 -0.0106096 -0.0076869 -0.0232506 -0.0179613 -0.0046048 -0.0255030 -0.0157339 -0.0237403 -0.0156581 -0.0250205 -0.0165108 -0.0283724 -0.0389648 -0.0394588 -0.0119547 -0.0189584 -0.0187666 -0.0283532 -0.0194241 -0.0354574 -0.0106438 -0.0270880 -0.0220603 -0.0175441 -0.0058867 -0.0156956 -0.0067889 -0.0198207 -0.0143382 -0.0081108 -0.0314323 -0.0389641 -0.0275239 -0.0149513 -0.0185241 -0.0255514 -0.0178043 -0.0264863 -0.0230043 -0.0245771 -0.0171095 -0.0166479 -0.0157526 -0.0171512 -0.0287849 -0.0254767 -0.0446304 -0.0475498 -0.0466087 -0.0425514 -0.0444289 -0.0446315 -0.0464957 -0.0457207 -0.0440053 -0.0434939 -0.0471067 -0.0483818 -0.0490306 -0.0477645 -0.0464846 -0.0471699 -0.0524261 -0.0456334
0.0549960 0.0597458 0.0645847 0.0573810 0.0652990 0.0635350 0.0655878 0.0703998 0.0666150 0.0631700 0.0746687 0.0709721 0.0655791 0.0687013 0.0536608 0.0543087 0.0477288 0.0674480 0.9694383 0.0705803 0.0709795 0.0723698 0.0639191 0.0641094 -0.0030516 -0.0064470 -0.0000661 -0.0103790 -0.0107591 -0.0178413 -0.0121728 -0.0214406 -0.0106825 0.0048943 -0.0171603 -0.0038949 -0.0082843 -0.0078788 -0.0038122 -0.0022584 -0.0007718 -0.0185006 -0.0141819 -0.0038911 0.0145923 -0.0077606 -0.0135263 -0.0200590 -0.0125759 -0.0072141 -0.0099095 -0.0246104 -0.0128267 -0.0075918 -0.0209324 -0.0082264 -0.0302459 -0.0219592 -0.0298353 -0.0163593 -0.0339197 -0.0429408 -0.0425793 -0.0076712 -0.0222241 -0.0206126 -0.0294422 -0.0180847 -0.0415790 -0.0116281 -0.0351775 -0.0349193 -0.0226343 -0.0059098 -0.0196548 -0.0170052 -0.0209814 -0.0209909 -0.0152731 -0.0311781 -0.0348598 -0.0388251 -0.0141459 -0.0285265 -0.0336621 -0.0254735 -0.0313358 -0.0246044 -0.0376132 -0.0133127 -0.0140572 -0.0181845 -0.0217011 -0.0285688 -0.0351726 -0.0428634 -0.0452054 -0.0455812 -0.0421961 -0.0413624 -0.0428891 -0.0435641 -0.0423225 -0.0448400 -0.0405382 -0.0447114 -0.0466045 -0.0443017 -0.0442521 -0.0460348 -0.0436984 -0.0468952 -0.0464173
0.0504937 0.0534171 0.0517761 0.0484660 0.0592201 0.0541616 0.0582674 0.0600128 0.0626135 0.0625529 0.0672231 0.0655653 0.0594863 0.0590714 0.0431260 0.0494725 0.0598441 0.0667892 0.0705803 1.0015732 0.0656134 0.0838845 0.0848429 0.0653287 -0.0151569 -0.0199060 -0.0158265 -0.0229319 -0.0246945 -0.0311620 -0.0287451 -0.0360715 -0.0208989 -0.0007568 -0.0215449 -0.0169973 -0.0119017 -0.0168699 -0.0128827 -0.0172471 -0.0160776 -0.0319499 -0.0269069 -0.0104999 -0.0003343 -0.0260964 -0.0293198 -0.0189591 -0.0111860 -0.0099585 -0.0101704 -0.0200573 -0.0079640 -0.0172991 -0.0299446 -0.0249544 -0.0319703 -0.0220022 -0.0404510 -0.0224199 -0.0488230 -0.0596126 -0.0606242 -0.0221699 -0.0213923 -0.0304519 -0.0336418 -0.0186178 -0.0491989 -0.0180045 -0.0391645 -0.0413933 -0.0258925 -0.0018837 -0.0196854 -0.0328815 -0.0321486 -0.0221173 -0.0219962 -0.0298193 -0.0497954 -0.0495921 -0.0381809 -0.0279132 -0.0431025 -0.0326990 -0.0151347 -0.0221458 -0.0214474 0.0098704 0.0108716 -0.0187649 -0.0111949 -0.0486909 -0.0186952 -0.0151589 -0.0170996 -0.0157713 -0.0123696 -0.0107391 -0.0154269 -0.0159061 -0.0106364 -0.0120174 -0.0111358 -0.0126474 -0.0140844 -0.0119637 -0.0139407 -0.0120281 -0.0132992 -0.0160499 -0.0163067
0.0458008 0.0423501 0.0473246 0.0405132 0.0517479 0.0477692 0.0482284 0.0519767 0.0507521 0.0509928 0.0582401 0.0539939 0.0500118 0.0510504 0.0388283 0.0400423 0.0605922 0.0570682 0.0709795 0.0656134 1.0036370 0.0719876 0.0686680 0.0689373 -0.0195482 -0.0202573 -0.0121468 -0.0227734 -0.0257784 -0.0351248 -0.0254375 -0.0354368 -0.0303405 -0.0084111 -0.0281356 -0.0230951 -0.0279599 -0.0204462 -0.0202886 -0.0195992 -0.0070929 -0.0254637 -0.0318007 -0.0166848 -0.0070501 -0.0189808 -0.0224241 -0.0443008 -0.0143265 -0.0184910 -0.0234204 -0.0122908 -0.0236699 -0.0221956 -0.0369946 -0.0234768 -0.0327107 -0.0323788 -0.0457029 -0.0268834 -0.0445785 -0.0469360 -0.0490069 -0.0245451 -0.0354745 -0.0339339 -0.0406060 -0.0452734 -0.0484213 -0.0220579 -0.0368902 -0.0300064 -0.0257098 -0.0157805 -0.0257633 -0.0339965 -0.0263621 -0.0177237 -0.0257479 -0.0284253 -0.0339062 -0.0417045 -0.0308926 -0.0255825 -0.0378293 -0.0388109 0.0000322 -0.0280897 -0.0226338 -0.0383446 -0.0390935 -0.0261068 -0.0055297 -0.0276730 -0.0203220 0.0103085 0.0124853 0.0129337 0.0145646 0.0139613 0.0120201 0.0118483 0.0143126 0.0131019 0.0151564 0.0117170 0.0118067 0.0137179 0.0110947 0.0137266 0.0127720 0.0069080 0.0126918
0.0702553 0.0691188 0.0723344 0.0664079 0.0782316 0.0720511 0.0734488 0.0795230 0.0760367 0.0747204 0.0823113 0.0820265 0.0760255 0.0780339 0.0664175 0.0639135 0.0412667 0.0637357 0.0723698 0.0838845 0.0719876 0.9839362 0.0767233 0.0751230 -0.0080902 -0.0056328 -0.0031768 -0.0076165 -0.0152209 -0.0219733 -0.0136518 -0.0249516 -0.0097823 0.0088079 -0.0116860 -0.0066391 -0.0079774 -0.0018617 -0.0056406 -0.0011156 -0.0050976 -0.0250162 -0.0122337 0.0001804 0.0106914 -0.0151740 -0.0177177 -0.0125585 -0.0085735 -0.0069653 -0.0034076 -0.0178744 0.0004514 -0.0137687 -0.0265466 -0.0151888 -0.0340553 -0.0166389 -0.0274591 -0.0169077 -0.0447506 -0.0489698 -0.0502321 -0.0097257 -0.0225102 -0.0237542 -0.0331855 -0.0119170 -0.0409091 -0.0107707 -0.0382109 -0.0367173 -0.0230702 -0.0026992 -0.0181698 -0.0228853 -0.0235575 -0.0074481 -0.0022931 -0.0361848 -0.0508375 -0.0469830 -0.0288413 -0.0198768 -0.0406357 -0.0265756 -0.0347787 -0.0227537 -0.0291844 0.0174471 0.0190344 -0.0138752 -0.0231456 -0.0340683 -0.0331608 -0.0585672 -0.0586943 -0.0598810 -0.0549299 -0.0554336 -0.0586720 -0.0556040 -0.0557749 -0.0578742 -0.0552012 -0.0570233 -0.0566154 -0.0552934 -0.0572514 -0.0551039 -0.0596468 -0.0606538 -0.0586997
0.0487045 0.0511755 0.0537550 0.0492214 0.0601219 0.0553686 0.0562956 0.0597756 0.0615005 0.0596267 0.0663186 0.0652168 0.0597301 0.0591489 0.0453141 0.0474185 0.0509305 0.0613068 0.0639191 0.0848429 0.0686680 0.0767233 0.9822702 0.0679324 -0.0134684 -0.0206921 -0.0156139 -0.0204142 -0.0221594 -0.0280691 -0.0200549 -0.0287636 -0.0216892 -0.0042675 -0.0226884 -0.0205938 -0.0198074 -0.0185773 -0.0180855 -0.0169463 -0.0044587 -0.0230490 -0.0263402 -0.0102339 -0.0060390 -0.0154541 -0.0227468 -0.0333753 -0.0212798 -0.0165410 -0.0129161 -0.0144294 -0.0222618 -0.0158466 -0.0326550 -0.0201380 -0.0374916 -0.0166249 -0.0349694 -0.0211368 -0.0441713 -0.0482222 -0.0473880 -0.0297962 -0.0349589 -0.0261499 -0.0405864 -0.0334103 -0.0475780 -0.0199139 -0.0441593 -0.0319204 -0.0302623 -0.0077181 -0.0270392 -0.0289247 -0.0253776 -0.0277980 -0.0172379 -0.0270532 -0.0434963 -0.0393208 -0.0308448 -0.0220546 -0.0354012 -0.0312479 -0.0157154 -0.0194595 -0.0234491 -0.0333677 -0.0329459 -0.0299715 -0.0124653 -0.0370348 -0.0202814 -0.0059495 -0.0046786 -0.0075836 -0.0004160 -0.0048434 -0.0030414 -0.0038517 -0.0024225 -0.0035621 -0.0008981 -0.0051097 -0.0052190 -0.0027044 -0.0031695 -0.0021924 -0.0049310 -0.0087836 -0.0016284
0.0532902 0.0483517 0.0523052 0.0507048 0.0577235 0.0536554 0.0505084 0.0534576 0.0569201 0.0584082 0.0613995 0.0593584 0.0554335 0.0581259 0.0444118 0.0471952 0.0596290 0.0570682 0.0641094 0.0653287 0.0689373 0.0751230 0.0679324 0.9699152 -0.0049382 -0.0040714 -0.0078819 -0.0079358 -0.0137180 -0.0196947 -0.0156333 -0.0184951 -0.0148044 0.0027477 -0.0181283 -0.0084673 -0.0082382 -0.0049654 -0.0044263 -0.0091232 0.0006417 -0.0185568 -0.0180751 -0.0041555 0.0055710 -0.0082603 -0.0104873 -0.0258108 -0.0160904 -0.0109170 -0.0066124 -0.0098284 -0.0160602 -0.0115873 -0.0170582 -0.0168628 -0.0258279 -0.0195894 -0.0295469 -0.0239038 -0.0308203 -0.0393259 -0.0396414 -0.0192843 -0.0250904 -0.0248094 -0.0314600 -0.0250622 -0.0332415 -0.0078220 -0.0286882 -0.0227415 -0.0178380 -0.0097087 -0.0189978 -0.0176416 -0.0165931 -0.0131084 -0.0192810 -0.0310816 -0.0451756 -0.0378018 -0.0207098 -0.0216312 -0.0273201 -0.0292204 -0.0200029 -0.0266172 -0.0304843 -0.0096734 -0.0103282 -0.0222804 -0.0170224 -0.0288747 -0.0253888 -0.0351157 -0.0339376 -0.0363442 -0.0309968 -0.0309232 -0.0326039 -0.0315509 -0.0304351 -0.0315656 -0.0315866 -0.0334781 -0.0315649 -0.0353826 -0.0336682 -0.0322627 -0.0338118 -0.0368868 -0.0336281
0.0687378 0.0705653 0.0688372 0.0699749 0.0703058 0.0726709 0.0712245 0.0708615 0.0717466 0.0677450 0.0641450 0.0654839 0.0679421 0.0686625 0.0703197 0.0741032 -0.0134386 -0.0004384 -0.0030516 -0.0151569 -0.0195482 -0.0080902 -0.0134684 -0.0049382 0.8476805 0.0792874 0.0827043 0.0941572 0.1050033 0.1164102 0.1168743 0.1006682 0.0846566 0.0562111 0.0685147 0.0858033 0.0734620 0.0700638 0.0725831 0.0788234 0.0588253 0.0640697 0.0689013 0.0548291 0.0620698 0.0751595 0.0619435 0.0488268 -0.0069020 0.0371306 0.0253586 0.0242502 0.0242061 0.0428767 0.0391366 0.0209248 0.0257248 0.0269870 0.0691974 0.0405530 0.0728593 0.0657318 0.0659384 0.0510140 0.0411067 0.0572407 0.0402546 0.0504957 0.0478907 0.0681336 0.0440433 0.0231535 0.0167041 0.0384560 0.0387301 0.0474747 0.0308259 0.0035227 0.0229454 -0.0399228 -0.0512564 0.0416058 0.0340898 0.0455282 -0.0065126 0.0219940 -0.1070537 0.0246042 -0.0137754 -0.0282935 -0.0304566 0.0311113 -0.0623593 0.0269363 -0.0863889 -0.2607624 -0.2661183 -0.2611210 -0.2613266 -0.2607752 -0.2594039 -0.2594034 -0.2641893 -0.2636634 -0.2685580 -0.2672495 -0.2674084 -0.2699693 -0.2702326 -0.2703007 -0.2669300 -0.2709030 -0.2689566
0.0641493 0.0659070 0.0648286 0.0633902 0.0628480 0.0670298 0.0661470 0.0667349 0.0629728 0.0615773 0.0578403 0.0582730 0.0620676 0.0566419 0.0671228 0.0716554 -0.0169233 -0.0105940 -0.0064470 -0.0199060 -0.0202573 -0.0056328 -0.0206921 -0.0040714 0.0792874 0.8546606 0.1120666 0.0711551 0.0854034 0.0791740 0.0879775 0.0827913 0.0856657 0.0563164 0.0657444 0.0860969 0.0705785 0.0697293 0.0735362 0.0784945 0.0572631 0.0668817 0.0655086 0.0508018 0.0551397 0.0754840 0.0635508 0.0514515 -0.0011753 0.0462462 0.0312863 0.0226938 0.0362681 0.0485668 0.0526521 0.0164560 0.0280144 0.0310710 0.0714698 0.0437284 0.0851702 0.0729938 0.0725438 0.0513457 0.0438143 0.0554616 0.0376563 0.0518397 0.0434516 0.0668768 0.0423361 0.0230882 0.0242055 0.0427774 0.0455258 0.0410280 0.0340965 0.0024258 0.0300927 -0.0337186 -0.0435871 0.0477676 0.0311080 0.0480160 0.0030759 0.0318503 -0.1137875 0.0258547 -0.0129589 -0.0200083 -0.0202182 0.0355634 -0.0562816 0.0255495 -0.0785109 -0.2536271 -0.2604961 -0.2575779 -0.2544464 -0.2566068 -0.2536096 -0.2579235 -0.2590182 -0.2589129 -0.2631820 -0.2619371 -0.2629166 -0.2630487 -0.2619510 -0.2662516 -0.2633323 -0.2636150 -0.2639711
0.0682508 0.0718654 0.0730530 0.0704969 0.0714527 0.0728820 0.0728741 0.0716908 0.0711557 0.0674152 0.0653892 0.0678494 0.0724989 0.0660291 0.0750176 0.0768110 -0.0137734 -0.0034265 -0.0000661 -0.0158265 -0.0121468 -0.0031768 -0.0156139 -0.0078819 0.0827043 0.1120666 0.8506298 0.0779766 0.0817013 0.0882479 0.0864388 0.0889107 0.0814920 0.0560090 0.0663468 0.0806768 0.0751579 0.0679460 0.0733392 0.0779630 0.0599059 0.0667310 0.0674996 0.0555325 0.0580241 0.0730225 0.0655424 0.0493233 -0.0060311 0.0415699 0.0236212 0.0263931 0.0283790 0.0411851 0.0443199 0.0138565 0.0250364 0.0331224 0.0693029 0.0483084 0.0803821 0.0717841 0.0710754 0.0553288 0.0463217 0.0515427 0.0392887 0.0492200 0.0437093 0.0695872 0.0482909 0.0230914 0.0156261 0.0415050 0.0443357 0.0456376 0.0302648 -0.0001044 0.0277132 -0.0464292 -0.0498758 0.0471916 0.0314731 0.0430864 0.0032182 0.0262492 -0.1063725 0.0215528 -0.0142503 -0.0303593 -0.0318433 0.0305224 -0.0572113 0.0294421 -0.0793846 -0.2600058 -0.2654556 -0.2616939 -0.2583872 -0.2611988 -0.2573527 -0.2605669 -0.2614946 -0.2632636 -0.2661150 -0.2653910 -0.2677840 -0.2673399 -0.2677032 -0.2686168 -0.2662125 -0.2690754 -0.2673247
0.0525721 0.0561216 0.0595575 0.0584577 0.0552092 0.0578194 0.0587371 0.0570217 0.0588697 0.0568848 0.0539776 0.0550113 0.0570244 0.0558706 0.0607920 0.0620804 -0.0087256 -0.0088204 -0.0103790 -0.0229319 -0.0227734 -0.0076165 -0.0204142 -0.0079358 0.0941572 0.0711551 0.0779766 0.8612866 0.1080415 0.0919799 0.0897102 0.1045901 0.0684922 0.0499896 0.0596091 0.0792977 0.0716619 0.0638676 0.0673791 0.0616163 0.0647895 0.0691124 0.0638686 0.0487414 0.0517552 0.0789696 0.0734544 0.0454937 -0.0105243 0.0327877 0.0300886 0.0281442 0.0283116 0.0508654 0.0435586 0.0093024 0.0286491 0.0270801 0.0700151 0.0387613 0.0808836 0.0764841 0.0773863 0.0445226 0.0360455 0.0511300 0.0308768 0.0461299 0.0441168 0.0658582 0.0397427 0.0299593 0.0269608 0.0330311 0.0377362 0.0434621 0.0313027 -0.0041667 0.0213318 -0.0390254 -0.0421001 0.0461187 0.0301981 0.0424397 -0.0017457 0.0249601 -0.0958933 0.0206577 -0.0221432 -0.0479738 -0.0492855 0.0189051 -0.0587844 0.0239987 -0.0786139 -0.2365365 -0.2414830 -0.2400538 -0.2353256 -0.2360977 -0.2337436 -0.2371578 -0.2394420 -0.2412002 -0.2460724 -0.2424190 -0.2438466 -0.2448784 -0.2432669 -0.2460021 -0.2430448 -0.2466447 -0.2461203
0.0566672 0.0601135 0.0587809 0.0592374 0.0569854 0.0610991 0.0594458 0.0583282 0.0590742 0.0562931 0.0550469 0.0551455 0.0587703 0.0575174 0.0629525 0.0660418 -0.0185257 -0.0054335 -0.0107591 -0.0246945 -0.0257784 -0.0152209 -0.0221594 -0.0137180 0.1050033 0.0854034 0.0817013 0.1080415 0.8562781 0.1013438 0.0956520 0.1113469 0.0751664 0.0536386 0.0626461 0.0792567 0.0690604 0.0690922 0.0725207 0.0698521 0.0602562 0.0598991 0.0645881 0.0510204 0.0519208 0.0725946 0.0617351 0.0485318 0.0043857 0.0368979 0.0300258 0.0174460 0.0313338 0.0492598 0.0457131 0.0149857 0.0279077 0.0340795 0.0715112 0.0415227 0.0856725 0.0775905 0.0777064 0.0523495 0.0404788 0.0565865 0.0390161 0.0479962 0.0442789 0.0676227 0.0436877 0.0286054 0.0214281 0.0400475 0.0410043 0.0433360 0.0325144 -0.0001382 0.0285706 -0.0359427 -0.0408294 0.0493518 0.0284778 0.0459506 -0.0009232 0.0214888 -0.1032729 0.0188678 -0.0143403 -0.0322578 -0.0329142 0.0264085 -0.0588079 0.0256866 -0.0785344 -0.2447740 -0.2520870 -0.2486984 -0.2470939 -0.2477282 -0.2450193 -0.2478950 -0.2512109 -0.2509351 -0.2541335 -0.2549696 -0.2537366 -0.2555313 -0.2553620 -0.2563023 -0.2551343 -0.2564012 -0.2561529
0.0537947 0.0573116 0.0582330 0.0562445 0.0542676 0.0591486 0.0594886 0.0555186 0.0568687 0.0521668 0.0491662 0.0498382 0.0545063 0.0506954 0.0606617 0.0625949 -0.0205665 -0.0149891 -0.0178413 -0.0311620 -0.0351248 -0.0219733 -0.0280691 -0.0196947 0.1164102 0.0791740 0.0882479 0.0919799 0.1013438 0.8563609 0.1182078 0.1026707 0.0769564 0.0562724 0.0697860 0.0840591 0.0765590 0.0803479 0.0727834 0.0783221 0.0596955 0.0700436 0.0752710 0.0557207 0.0603802 0.0771443 0.0689555 0.0624224 -0.0015568 0.0383822 0.0270992 0.0278314 0.0322931 0.0474718 0.0559147 0.0171012 0.0278358 0.0329867 0.0743256 0.0431146 0.0905771 0.0838208 0.0849486 0.0579228 0.0440133 0.0604250 0.0445062 0.0632067 0.0554848 0.0757275 0.0511202 0.0284254 0.0272722 0.0377063 0.0397538 0.0568275 0.0323270 0.0043931 0.0295468 -0.0374681 -0.0403195 0.0560745 0.0369907 0.0479487 0.0044829 0.0323374 -0.1081612 0.0271411 -0.0140088 -0.0280689 -0.0292482 0.0323741 -0.0581143 0.0312650 -0.0818069 -0.2566958 -0.2642153 -0.2595438 -0.2584559 -0.2590474 -0.2559204 -0.2582190 -0.2610949 -0.2610099 -0.2658130 -0.2649501 -0.2653148 -0.2650363 -0.2673331 -0.2662807 -0.2660391 -0.2678752 -0.2672867
0.0655252 0.0680500 0.0701358 0.0665056 0.0677683 0.0657849 0.0682556 0.0670983 0.0658595 0.0623497 0.0609637 0.0612251 0.0647985 0.0606116 0.0713170 0.0734368 -0.0228995 -0.0110109 -0.0121728 -0.0287451 -0.0254375 -0.0136518 -0.0200549 -0.0156333 0.1168743 0.0879775 0.0864388 0.0897102 0.0956520 0.1182078 0.8535441 0.1015610 0.0873095 0.0612845 0.0722199 0.0921715 0.0817926 0.0822000 0.0828702 0.0842260 0.0663060 0.0697990 0.0785007 0.0586957 0.0636886 0.0859592 0.0693163 0.0646644 -0.0078115 0.0499501 0.0328353 0.0333395 0.0381952 0.0494458 0.0565269 0.0222878 0.0260904 0.0319971 0.0852170 0.0448305 0.0851832 0.0774807 0.0778106 0.0543865 0.0494448 0.0611141 0.0464299 0.0653217 0.0534771 0.0822271 0.0497145 0.0239622 0.0255298 0.0463488 0.0481959 0.0482389 0.0339679 0.0041521 0.0295658 -0.0393581 -0.0484079 0.0503024 0.0363573 0.0511121 -0.0004982 0.0295772 -0.1133900 0.0293869 -0.0128599 -0.0165388 -0.0172670 0.0372789 -0.0675813 0.0404740 -0.0882981 -0.2769447 -0.2832502 -0.2774052 -0.2774328 -0.2774760 -0.2743662 -0.2780673 -0.2800557 -0.2815860 -0.2845767 -0.2843213 -0.2843162 -0.2847183 -0.2859151 -0.2853687 -0.2859262 -0.2862526 -0.2851949
0.0504310 0.0559183 0.0537261 0.0534016 0.0514823 0.0535083 0.0543349 0.0531541 0.0553406 0.0504907 0.0452061 0.0483995 0.0529117 0.0490137 0.0564274 0.0639043 -0.0227716 -0.0176641 -0.0214406 -0.0360715 -0.0354368 -0.0249516 -0.0287636 -0.0184951 0.1006682 0.0827913 0.0889107 0.1045901 0.1113469 0.1026707 0.1015610 0.8592190 0.0819547 0.0509891 0.0624536 0.0877637 0.0742172 0.0672712 0.0738724 0.0691756 0.0613186 0.0732612 0.0637982 0.0490219 0.0525062 0.0828597 0.0712098 0.0423503 -0.0101220 0.0362755 0.0229564 0.0352596 0.0208013 0.0547273 0.0520393 0.0175747 0.0303872 0.0372901 0.0743542 0.0514013 0.0941175 0.0953589 0.0960512 0.0431268 0.0351785 0.0561687 0.0455165 0.0431615 0.0502450 0.0716808 0.0557675 0.0361637 0.0250549 0.0341841 0.0386522 0.0573941 0.0407271 -0.0028193 0.0254493 -0.0343699 -0.0382013 0.0581234 0.0300411 0.0483318 0.0035953 0.0292082 -0.0945622 0.0190192 -0.0129279 -0.0727946 -0.0736600 0.0209742 -0.0497497 0.0388014 -0.0784704 -0.2435675 -0.2482983 -0.2438863 -0.2435783 -0.2433998 -0.2411953 -0.2441981 -0.2464160 -0.2466976 -0.2496709 -0.2492070 -0.2513445 -0.2521300 -0.2529551 -0.2525690 -0.2518260 -0.2531559 -0.2515182
0.0672686 0.0670363 0.0692551 0.0684093 0.0668919 0.0702533 0.0710227 0.0707466 0.0681513 0.0664632 0.0621750 0.0640177 0.0686276 0.0626272 0.0715732 0.0781602 -0.0257424 -0.0078334 -0.0106825 -0.0208989 -0.0303405 -0.0097823 -0.0216892 -0.0148044 0.0846566 0.0856657 0.0814920 0.0684922 0.0751664 0.0769564 0.0873095 0.0819547 0.8532897 0.0631545 0.0782831 0.0974333 0.0781741 0.0873244 0.0911637 0.0900850 0.0607772 0.0703728 0.0814799 0.0627105 0.0657155 0.0724778 0.0638057 0.0742814 0.0030056 0.0597193 0.0381349 0.0232493 0.0434662 0.0484250 0.0536877 0.0249389 0.0302591 0.0340640 0.0820141 0.0431814 0.0814016 0.0730658 0.0718082 0.0655414 0.0575525 0.0638617 0.0514287 0.0728708 0.0535389 0.0759150 0.0512366 0.0248904 0.0236201 0.0518510 0.0487772 0.0462881 0.0354823 0.0122996 0.0311452 -0.0355541 -0.0438582 0.0457875 0.0364084 0.0482980 0.0041802 0.0362182 -0.1201976 0.0355569 -0.0061659 0.0085173 0.0082149 0.0421583 -0.0675054 0.0284125 -0.0746269 -0.2816882 -0.2844003 -0.2827975 -0.2818830 -0.2811296 -0.2788347 -0.2808852 -0.2847526 -0.2852498 -0.2901692 -0.2886915 -0.2895975 -0.2895784 -0.2906490 -0.2910220 -0.2885150 -0.2892535 -0.2902791
0.0564732 0.0582680 0.0585490 0.0572099 0.0578493 0.0570947 0.0599912 0.0593794 0.0575655 0.0558818 0.0547909 0.0557742 0.0570779 0.0562458 0.0581319 0.0580093 -0.0096459 0.0055046 0.0048943 -0.0007568 -0.0084111 0.0088079 -0.0042675 0.0027477 0.0562111 0.0563164 0.0560090 0.0499896 0.0536386 0.0562724 0.0612845 0.0509891 0.0631545 0.9269090 0.0512161 0.0611915 0.0551397 0.0567110 0.0592227 0.0580593 0.0414425 0.0420853 0.0562179 0.0443667 0.0477182 0.0492291 0.0441239 0.0562134 0.0070667 0.0427052 0.0304829 0.0131249 0.0358271 0.0307954 0.0367597 0.0191340 0.0193606 0.0224271 0.0506372 0.0291193 0.0495417 0.0416188 0.0411760 0.0485309 0.0431071 0.0430913 0.0342869 0.0569593 0.0356341 0.0520231 0.0344684 0.0122035 0.0186063 0.0364125 0.0353360 0.0284003 0.0212439 0.0139075 0.0241576 -0.0268126 -0.0329172 0.0256148 0.0261388 0.0324496 0.0029179 0.0206934 -0.0846246 0.0242742 -0.0031811 0.0386788 0.0381919 0.0355194 -0.0465925 0.0224085 -0.0546945 -0.1973722 -0.2016197 -0.1990616 -0.1978622 -0.1970174 -0.1954229 -0.1973050 -0.1996277 -0.2010380 -0.2044995 -0.2032915 -0.2046171 -0.2041724 -0.2051970 -0.2062820 -0.2048205 -0.2060536 -0.2051532
