0.8523624 0.1383650 0.1016333 0.1263042 0.1023186 0.0996938 0.1041221 0.1063856 0.0999128 0.0972446 0.0925860 0.1019114 0.0957781 0.0939213 0.0995715 0.0995844 -0.0024591 0.0162005 0.0137648 0.0062076 0.0019299 0.0247175 0.0033430 0.0147731 0.0763273 0.0748612 0.0750633 0.0637754 0.0697112 0.0718781 0.0805313 0.0691005 0.0805928 0.0625269 0.0656644 0.0807453 0.0716728 0.0721519 0.0768614 0.0725409 0.0543747 0.0574925 0.0661508 0.0535113 0.0628100 0.0682557 0.0595717 0.0606708 -0.0038330 0.0467334 0.0290560 0.0151242 0.0300449 0.0384894 0.0382045 0.0174446 0.0168851 0.0215342 0.0629280 0.0345188 0.0674041 0.0548259 0.0544344 0.0545643 0.0384177 0.0528089 0.0326292 0.0609320 0.0334966 0.0644697 0.0343981 0.0093726 0.0135607 0.0419113 0.0350317 0.0318592 0.0257322 0.0030249 0.0222640 -0.0530063 -0.0591818 0.0266798 0.0231348 0.0353016 -0.0096432 0.0126510 -0.1220078 0.0182734 -0.0198864 0.0042398 0.0045746 0.0306695 -0.0659026 0.0185761 -0.0923967 -0.2767715 -0.2812029 -0.2791483 -0.2783930 -0.2773537 -0.2760580 -0.2766167 -0.2791769 -0.2802961 -0.2835064 -0.2842880 -0.2834650 -0.2836196 -0.2848700 -0.2859260 -0.2839318 -0.2861252 -0.2839088
0.1383650 0.8591338 0.1041614 0.1356340 0.1034143 0.1057487 0.1089837 0.1078047 0.1018698 0.1004092 0.0978054 0.1026978 0.1040498 0.0989805 0.1018906 0.1034031 -0.0060780 0.0202083 0.0184354 0.0088835 -0.0023694 0.0238232 0.0051604 0.0099098 0.0776777 0.0764665 0.0783813 0.0668908 0.0727760 0.0750673 0.0825380 0.0740080 0.0801341 0.0648106 0.0663077 0.0825571 0.0726073 0.0762110 0.0802964 0.0763597 0.0576704 0.0590061 0.0676671 0.0579044 0.0641249 0.0704940 0.0564783 0.0588575 -0.0043038 0.0518678 0.0293670 0.0145827 0.0312632 0.0379232 0.0394063 0.0175133 0.0148635 0.0235608 0.0648401 0.0365951 0.0668050 0.0576440 0.0576787 0.0554977 0.0427112 0.0544794 0.0369084 0.0591764 0.0333346 0.0661934 0.0350180 0.0090522 0.0140095 0.0417430 0.0362285 0.0371466 0.0237471 0.0017505 0.0248630 -0.0565012 -0.0605963 0.0268616 0.0231852 0.0337178 -0.0130367 0.0141181 -0.1249762 0.0214495 -0.0214136 0.0025734 0.0017912 0.0330457 -0.0689524 0.0225213 -0.0931969 -0.2856106 -0.2907861 -0.2874341 -0.2868111 -0.2864802 -0.2861023 -0.2850451 -0.2908498 -0.2899076 -0.2931154 -0.2913254 -0.2941169 -0.2922883 -0.2939304 -0.2938961 -0.2932952 -0.2954738 -0.2931307
0.1016333 0.1041614 0.8498303 0.1013498 0.1372282 0.1341750 0.1530275 0.1387019 0.1021018 0.1014023 0.0957176 0.1011572 0.1021077 0.0987082 0.1040091 0.1034044 -0.0014930 0.0152675 0.0193013 0.0034307 -0.0014558 0.0229625 0.0037723 0.0101691 0.0768309 0.0765044 0.0805220 0.0713434 0.0725509 0.0777995 0.0862643 0.0731165 0.0840635 0.0658126 0.0697973 0.0870908 0.0776154 0.0742992 0.0805104 0.0794207 0.0619558 0.0631251 0.0674973 0.0556045 0.0674560 0.0754189 0.0600550 0.0604965 -0.0070568 0.0472148 0.0334349 0.0138207 0.0330506 0.0389294 0.0402053 0.0181846 0.0193402 0.0224576 0.0622963 0.0356894 0.0684137 0.0564509 0.0580292 0.0514166 0.0389492 0.0493779 0.0353479 0.0603366 0.0343196 0.0638427 0.0349791 0.0110169 0.0142856 0.0441518 0.0394755 0.0346254 0.0240109 0.0006593 0.0244553 -0.0586727 -0.0660013 0.0288695 0.0266855 0.0347053 -0.0117559 0.0158656 -0.1246916 0.0140521 -0.0228243 0.0053267 0.0049783 0.0322214 -0.0714871 0.0205947 -0.0972212 -0.2892895 -0.2947042 -0.2920420 -0.2895126 -0.2888451 -0.2874663 -0.2892256 -0.2915180 -0.2938140 -0.2971578 -0.2962062 -0.2973659 -0.2964688 -0.2971306 -0.2988387 -0.2970318 -0.2992422 -0.2986448
0.1263042 0.1356340 0.1013498 0.8604702 0.0982021 0.1005682 0.1006865 0.1040071 0.0989473 0.0935051 0.0942474 0.0963308 0.0940913 0.0944749 0.0987054 0.0998506 -0.0017690 0.0167304 0.0165073 0.0043251 -0.0028983 0.0217075 0.0047167 0.0130069 0.0772828 0.0738536 0.0773009 0.0695156 0.0718358 0.0740236 0.0809871 0.0715317 0.0814433 0.0630016 0.0672647 0.0799078 0.0725915 0.0758712 0.0778248 0.0753092 0.0572836 0.0602408 0.0714493 0.0575692 0.0657637 0.0700646 0.0573617 0.0605920 -0.0029166 0.0494664 0.0333371 0.0140142 0.0310843 0.0386550 0.0422876 0.0172623 0.0182248 0.0247724 0.0644340 0.0383111 0.0652497 0.0555629 0.0569504 0.0555329 0.0429278 0.0504907 0.0328294 0.0621553 0.0334533 0.0667590 0.0352345 0.0127251 0.0130084 0.0425790 0.0380348 0.0340623 0.0250278 0.0038623 0.0242600 -0.0543349 -0.0589675 0.0277616 0.0276325 0.0370073 -0.0115435 0.0130683 -0.1231114 0.0193979 -0.0209953 0.0050783 0.0058660 0.0340385 -0.0672766 0.0206820 -0.0905347 -0.2795949 -0.2835547 -0.2800339 -0.2792584 -0.2801209 -0.2777517 -0.2789068 -0.2824086 -0.2831498 -0.2873819 -0.2855340 -0.2866834 -0.2864198 -0.2865381 -0.2873438 -0.2853546 -0.2890763 -0.2851872
0.1023186 0.1034143 0.1372282 0.0982021 0.8548366 0.1437918 0.1493290 0.1432873 0.0992432 0.0975195 0.0934073 0.0994148 0.0983618 0.0960950 0.1000318 0.1026636 -0.0054313 0.0178006 0.0151674 0.0052368 -0.0016963 0.0229620 0.0050496 0.0112716 0.0794757 0.0760914 0.0799704 0.0687288 0.0726686 0.0760905 0.0857536 0.0735209 0.0834913 0.0653306 0.0657975 0.0859397 0.0745460 0.0759696 0.0826493 0.0765648 0.0635239 0.0624525 0.0673291 0.0569930 0.0666340 0.0716320 0.0612526 0.0581261 -0.0037650 0.0493729 0.0308355 0.0172848 0.0309236 0.0397676 0.0398779 0.0171105 0.0177718 0.0230974 0.0636989 0.0313001 0.0689993 0.0606922 0.0587143 0.0535165 0.0440131 0.0536040 0.0354794 0.0582905 0.0352028 0.0692407 0.0352589 0.0089688 0.0123506 0.0440966 0.0398863 0.0359251 0.0238599 0.0004584 0.0243003 -0.0577881 -0.0657829 0.0288002 0.0238897 0.0342655 -0.0095141 0.0168656 -0.1246819 0.0165069 -0.0201498 0.0062952 0.0062515 0.0341022 -0.0701520 0.0178967 -0.0927615 -0.2883022 -0.2920147 -0.2887371 -0.2872482 -0.2873038 -0.2856615 -0.2869802 -0.2893129 -0.2901708 -0.2942091 -0.2947799 -0.2951303 -0.2944769 -0.2958636 -0.2961702 -0.2945267 -0.2978416 -0.2945755
0.0996938 0.1057487 0.1341750 0.1005682 0.1437918 0.8559429 0.1463329 0.1407045 0.1004218 0.0991579 0.0944698 0.1025527 0.0986076 0.0973170 0.1018176 0.1037828 -0.0033660 0.0156539 0.0174207 0.0052198 -0.0021256 0.0220367 0.0037969 0.0105420 0.0803377 0.0784352 0.0798827 0.0690734 0.0747477 0.0783555 0.0818849 0.0721843 0.0852549 0.0650007 0.0648774 0.0829320 0.0706799 0.0714978 0.0759356 0.0764202 0.0611041 0.0610164 0.0700720 0.0555190 0.0668281 0.0713765 0.0603307 0.0569869 -0.0050400 0.0465435 0.0277149 0.0165809 0.0308047 0.0395375 0.0377839 0.0191486 0.0134813 0.0213264 0.0608167 0.0325321 0.0677121 0.0558968 0.0564699 0.0547568 0.0419323 0.0535444 0.0345111 0.0566990 0.0370155 0.0675439 0.0319123 0.0085930 0.0119976 0.0425393 0.0380001 0.0343513 0.0245982 -0.0017973 0.0246885 -0.0573956 -0.0666645 0.0286095 0.0265381 0.0350891 -0.0124062 0.0188796 -0.1244034 0.0147710 -0.0208296 0.0024869 0.0013384 0.0330217 -0.0688367 0.0164594 -0.0922281 -0.2871619 -0.2903921 -0.2894628 -0.2871920 -0.2865699 -0.2852810 -0.2866164 -0.2902163 -0.2890692 -0.2956590 -0.2930058 -0.2939344 -0.2950577 -0.2958890 -0.2948487 -0.2930609 -0.2949778 -0.2956679
0.1041221 0.1089837 0.1530275 0.1006865 0.1493290 0.1463329 0.8553866 0.1543531 0.1036062 0.1031461 0.0977633 0.1058256 0.1024952 0.1038221 0.1024377 0.1066680 -0.0057242 0.0175286 0.0195469 0.0089535 -0.0013419 0.0228994 0.0049155 0.0072973 0.0795788 0.0783830 0.0806995 0.0711949 0.0741534 0.0797566 0.0852405 0.0753229 0.0858308 0.0673492 0.0698868 0.0866709 0.0727726 0.0767986 0.0819866 0.0820195 0.0625807 0.0607891 0.0692485 0.0571520 0.0660338 0.0717951 0.0606985 0.0584657 -0.0046990 0.0482757 0.0309442 0.0150976 0.0306411 0.0401822 0.0374466 0.0184036 0.0188105 0.0216249 0.0613872 0.0291317 0.0667113 0.0593097 0.0583179 0.0555993 0.0447320 0.0555209 0.0382019 0.0592313 0.0355032 0.0700729 0.0338490 0.0093172 0.0122040 0.0441899 0.0401719 0.0361224 0.0244718 0.0008851 0.0239390 -0.0590726 -0.0668037 0.0285117 0.0268476 0.0330852 -0.0116689 0.0164678 -0.1296404 0.0142797 -0.0220796 0.0045837 0.0043542 0.0313774 -0.0727749 0.0161925 -0.0988218 -0.2953907 -0.3008158 -0.2974467 -0.2971412 -0.2963508 -0.2933394 -0.2965847 -0.2994011 -0.2990025 -0.3039048 -0.3022310 -0.3047492 -0.3023412 -0.3047761 -0.3045129 -0.3039812 -0.3026738 -0.3038018
0.1063856 0.1078047 0.1387019 0.1040071 0.1432873 0.1407045 0.1543531 0.8572648 0.1046355 0.1002617 0.0974433 0.1069292 0.1003656 0.1020125 0.1046664 0.1049007 -0.0041427 0.0151334 0.0206289 0.0067121 -0.0010374 0.0248563 0.0049152 0.0074219 0.0802660 0.0800477 0.0803105 0.0707062 0.0743186 0.0772633 0.0852492 0.0753476 0.0871558 0.0669787 0.0683432 0.0872198 0.0750764 0.0770585 0.0821492 0.0798713 0.0638476 0.0615935 0.0706948 0.0583072 0.0649831 0.0745446 0.0600315 0.0602922 -0.0049337 0.0493472 0.0287793 0.0195334 0.0307699 0.0414797 0.0414596 0.0177821 0.0181469 0.0196492 0.0609160 0.0337976 0.0697694 0.0586585 0.0588746 0.0531190 0.0427624 0.0550417 0.0358342 0.0600962 0.0376878 0.0682051 0.0357864 0.0116116 0.0128258 0.0467937 0.0394018 0.0370666 0.0260644 0.0004623 0.0251052 -0.0582004 -0.0659175 0.0281658 0.0273741 0.0359219 -0.0081585 0.0169961 -0.1276630 0.0195725 -0.0216786 0.0053296 0.0046767 0.0335720 -0.0712815 0.0202491 -0.0941304 -0.2943466 -0.2988207 -0.2956317 -0.2942757 -0.2947402 -0.2929144 -0.2944640 -0.2978742 -0.2984779 -0.3020363 -0.3017037 -0.3014104 -0.3021118 -0.3027624 -0.3036776 -0.3013150 -0.3037825 -0.3022732
0.0999128 0.1018698 0.1021018 0.0989473 0.0992432 0.1004218 0.1036062 0.1046355 0.8579212 0.1310320 0.1334001 0.1324626 0.1341878 0.1287753 0.1065959 0.1086428 -0.0047351 0.0169127 0.0169184 0.0098381 -0.0025276 0.0216632 0.0065027 0.0108634 0.0803643 0.0755419 0.0788792 0.0711376 0.0738967 0.0778385 0.0833875 0.0756668 0.0845002 0.0656481 0.0659771 0.0841377 0.0732901 0.0748980 0.0780557 0.0771878 0.0607138 0.0561995 0.0674526 0.0617006 0.0688304 0.0722236 0.0633928 0.0612318 -0.0046225 0.0486873 0.0329060 0.0114231 0.0300007 0.0400279 0.0448950 0.0190382 0.0161036 0.0252902 0.0617439 0.0347479 0.0668879 0.0579923 0.0590582 0.0533673 0.0420562 0.0560233 0.0370712 0.0612202 0.0368233 0.0692475 0.0358894 0.0107713 0.0180574 0.0423486 0.0377661 0.0340188 0.0202785 0.0018455 0.0253420 -0.0566887 -0.0603096 0.0298729 0.0211411 0.0376014 -0.0128358 0.0148972 -0.1219877 0.0201107 -0.0211630 0.0000217 0.0004790 0.0354097 -0.0721566 0.0201919 -0.0945890 -0.2905474 -0.2941639 -0.2904763 -0.2898761 -0.2890825 -0.2886813 -0.2899046 -0.2929337 -0.2938014 -0.2969190 -0.2968560 -0.2958314 -0.2969956 -0.2980372 -0.2974350 -0.2978856 -0.3006291 -0.2969179
0.0972446 0.1004092 0.1014023 0.0935051 0.0975195 0.0991579 0.1031461 0.1002617 0.1310320 0.8538002 0.1218427 0.1298469 0.1427764 0.1280413 0.0997059 0.1036613 -0.0061831 0.0160057 0.0134296 0.0094758 -0.0022798 0.0203571 0.0049959 0.0123758 0.0765183 0.0742756 0.0753459 0.0696806 0.0715376 0.0734930 0.0799115 0.0716253 0.0826830 0.0636194 0.0662092 0.0833428 0.0684936 0.0716809 0.0787097 0.0771033 0.0570009 0.0569998 0.0668433 0.0597932 0.0649284 0.0683833 0.0589969 0.0601385 -0.0067577 0.0479520 0.0305345 0.0163134 0.0303722 0.0410899 0.0380757 0.0187415 0.0160455 0.0215980 0.0598510 0.0332115 0.0657231 0.0560682 0.0551189 0.0497945 0.0425126 0.0527868 0.0344424 0.0595741 0.0337920 0.0635138 0.0323233 0.0101558 0.0157789 0.0399896 0.0355904 0.0335120 0.0208480 0.0011288 0.0243607 -0.0545107 -0.0630133 0.0280019 0.0234499 0.0361368 -0.0136182 0.0165749 -0.1212694 0.0153237 -0.0215961 0.0017578 0.0026912 0.0323254 -0.0695095 0.0170159 -0.0902603 -0.2828661 -0.2859024 -0.2848678 -0.2817618 -0.2809992 -0.2795981 -0.2822746 -0.2838642 -0.2853101 -0.2888708 -0.2888688 -0.2891405 -0.2879851 -0.2898073 -0.2904010 -0.2887614 -0.2908066 -0.2896970
0.0925860 0.0978054 0.0957176 0.0942474 0.0934073 0.0944698 0.0977633 0.0974433 0.1334001 0.1218427 0.8672631 0.1342268 0.1276135 0.1236152 0.1018345 0.1013244 -0.0038958 0.0163556 0.0181565 0.0061829 -0.0015209 0.0198457 0.0049724 0.0094177 0.0749834 0.0731003 0.0756424 0.0697471 0.0730988 0.0737215 0.0814587 0.0701960 0.0811107 0.0628051 0.0650093 0.0828432 0.0724468 0.0724598 0.0779456 0.0740986 0.0590275 0.0584272 0.0680653 0.0586636 0.0647324 0.0705609 0.0589207 0.0591608 -0.0043957 0.0463113 0.0333082 0.0134935 0.0309469 0.0374593 0.0411639 0.0179311 0.0169718 0.0247857 0.0636674 0.0365496 0.0651705 0.0555165 0.0559278 0.0524843 0.0411082 0.0533736 0.0356696 0.0592104 0.0346509 0.0628985 0.0335843 0.0090407 0.0160521 0.0415103 0.0385668 0.0334099 0.0217814 0.0033492 0.0216531 -0.0536304 -0.0596139 0.0279222 0.0253416 0.0355319 -0.0127263 0.0141187 -0.1192261 0.0187494 -0.0225224 0.0044802 0.0051808 0.0354464 -0.0705995 0.0212977 -0.0910834 -0.2779895 -0.2830873 -0.2802307 -0.2777738 -0.2785011 -0.2771587 -0.2784573 -0.2813853 -0.2815811 -0.2838570 -0.2851361 -0.2855992 -0.2855267 -0.2873926 -0.2867970 -0.2878102 -0.2897742 -0.2861024
0.1019114 0.1026978 0.1011572 0.0963308 0.0994148 0.1025527 0.1058256 0.1069292 0.1324626 0.1298469 0.1342268 0.8631532 0.1343804 0.1297678 0.1008417 0.1073936 -0.0057491 0.0178104 0.0170013 0.0077231 -0.0036841 0.0224798 0.0058361 0.0091109 0.0755880 0.0724960 0.0770857 0.0694008 0.0719584 0.0730972 0.0809057 0.0717902 0.0819859 0.0642203 0.0690361 0.0858460 0.0730184 0.0717628 0.0787137 0.0750334 0.0605670 0.0574475 0.0701166 0.0582589 0.0673910 0.0692300 0.0617014 0.0583979 -0.0079355 0.0457899 0.0309155 0.0136174 0.0321539 0.0409204 0.0404243 0.0158842 0.0168543 0.0272304 0.0612333 0.0323315 0.0639108 0.0553009 0.0562329 0.0507523 0.0423899 0.0522974 0.0367123 0.0588741 0.0349962 0.0669050 0.0355905 0.0082237 0.0153879 0.0390317 0.0355318 0.0350325 0.0212652 -0.0009293 0.0243130 -0.0537881 -0.0617002 0.0272794 0.0237880 0.0328158 -0.0158235 0.0146807 -0.1198492 0.0161066 -0.0223774 0.0023159 0.0024907 0.0309624 -0.0684646 0.0157945 -0.0936926 -0.2857514 -0.2887253 -0.2859846 -0.2848398 -0.2849646 -0.2841361 -0.2850370 -0.2867091 -0.2896062 -0.2905775 -0.2906630 -0.2914581 -0.2919557 -0.2921287 -0.2923849 -0.2927291 -0.2945510 -0.2929527
0.0957781 0.1040498 0.1021077 0.0940913 0.0983618 0.0986076 0.1024952 0.1003656 0.1341878 0.1427764 0.1276135 0.1343804 0.8611296 0.1358365 0.1032935 0.1046712 -0.0081736 0.0170968 0.0167890 0.0069075 -0.0030789 0.0225448 0.0048390 0.0095933 0.0765169 0.0746417 0.0803034 0.0695102 0.0734421 0.0754027 0.0822864 0.0733500 0.0849343 0.0651987 0.0643005 0.0839780 0.0741157 0.0757504 0.0808284 0.0755796 0.0583788 0.0572780 0.0695651 0.0625946 0.0662175 0.0711590 0.0630419 0.0579301 -0.0056822 0.0492223 0.0281500 0.0175642 0.0341755 0.0365642 0.0421226 0.0171325 0.0157115 0.0243405 0.0638155 0.0334751 0.0690285 0.0564932 0.0574061 0.0505429 0.0453650 0.0543076 0.0346287 0.0588265 0.0347120 0.0662695 0.0340494 0.0109276 0.0132134 0.0432702 0.0374213 0.0357500 0.0221169 0.0025662 0.0249517 -0.0583929 -0.0636056 0.0268137 0.0217434 0.0366120 -0.0145307 0.0140845 -0.1239157 0.0163952 -0.0223444 0.0011440 0.0021855 0.0333420 -0.0731622 0.0190747 -0.0951037 -0.2882188 -0.2928232 -0.2898644 -0.2862803 -0.2864781 -0.2861362 -0.2882000 -0.2904398 -0.2916212 -0.2946149 -0.2953755 -0.2943246 -0.2958220 -0.2970803 -0.2968942 -0.2950731 -0.2986326 -0.2961742
0.0939213 0.0989805 0.0987082 0.0944749 0.0960950 0.0973170 0.1038221 0.1020125 0.1287753 0.1280413 0.1236152 0.1297678 0.1358365 0.8631914 0.1034513 0.0983963 -0.0022529 0.0178403 0.0190063 0.0053733 -0.0019001 0.0232126 0.0040444 0.0117483 0.0779396 0.0699870 0.0747806 0.0695836 0.0734564 0.0724027 0.0787146 0.0713424 0.0788128 0.0637245 0.0653841 0.0834014 0.0729068 0.0718257 0.0772588 0.0772911 0.0573723 0.0585976 0.0696392 0.0589924 0.0646914 0.0705467 0.0607137 0.0607542 -0.0054398 0.0470625 0.0302298 0.0146061 0.0300305 0.0369009 0.0408314 0.0189114 0.0143284 0.0237063 0.0629162 0.0340485 0.0669044 0.0552846 0.0558704 0.0523000 0.0425669 0.0517320 0.0335429 0.0609203 0.0349146 0.0641651 0.0328418 0.0076940 0.0145160 0.0419698 0.0384076 0.0370635 0.0242230 0.0013684 0.0231348 -0.0564984 -0.0618035 0.0254876 0.0227820 0.0345750 -0.0146539 0.0147132 -0.1213562 0.0157515 -0.0223228 0.0028851 0.0033514 0.0341016 -0.0719387 0.0237915 -0.0938177 -0.2830245 -0.2869499 -0.2843244 -0.2833658 -0.2829831 -0.2807822 -0.2835399 -0.2852922 -0.2867163 -0.2889544 -0.2894580 -0.2900368 -0.2887254 -0.2916968 -0.2918904 -0.2900487 -0.2917627 -0.2917376
0.0995715 0.1018906 0.1040091 0.0987054 0.1000318 0.1018176 0.1024377 0.1046664 0.1065959 0.0997059 0.1018345 0.1008417 0.1032935 0.1034513 0.8577080 0.1052568 -0.0015887 0.0163408 0.0171569 0.0044701 -0.0002130 0.0268823 0.0048631 0.0106250 0.0760673 0.0758983 0.0802422 0.0693934 0.0734971 0.0757400 0.0837984 0.0711226 0.0832570 0.0641935 0.0702057 0.0807396 0.0718632 0.0771487 0.0785504 0.0773813 0.0591907 0.0601413 0.0682686 0.0597044 0.0646039 0.0737029 0.0565699 0.0607822 -0.0046466 0.0484408 0.0338404 0.0158457 0.0321136 0.0421759 0.0437632 0.0161789 0.0188806 0.0286560 0.0643830 0.0370031 0.0673038 0.0573826 0.0555268 0.0499723 0.0431942 0.0513432 0.0360898 0.0613565 0.0343030 0.0663366 0.0356053 0.0129544 0.0168378 0.0408253 0.0372087 0.0338850 0.0222306 0.0019022 0.0254111 -0.0521254 -0.0597462 0.0308238 0.0293772 0.0376102 -0.0097726 0.0160700 -0.1216791 0.0186468 -0.0198182 0.0035385 0.0039448 0.0315739 -0.0656511 0.0188075 -0.0899116 -0.2808138 -0.2867880 -0.2854218 -0.2829189 -0.2821228 -0.2800651 -0.2840993 -0.2852028 -0.2855772 -0.2897978 -0.2890972 -0.2894667 -0.2892692 -0.2897453 -0.2912858 -0.2898942 -0.2915697 -0.2910137
0.0995844 0.1034031 0.1034044 0.0998506 0.1026636 0.1037828 0.1066680 0.1049007 0.1086428 0.1036613 0.1013244 0.1073936 0.1046712 0.0983963 0.1052568 0.8575904 -0.0069937 0.0163778 0.0158354 0.0088814 -0.0014630 0.0226498 0.0047455 0.0115640 0.0795043 0.0804322 0.0816405 0.0700568 0.0763689 0.0777132 0.0860351 0.0778049 0.0906302 0.0646796 0.0709976 0.0862343 0.0727380 0.0784795 0.0806034 0.0772963 0.0624607 0.0626393 0.0740993 0.0578836 0.0655577 0.0753506 0.0624175 0.0596702 -0.0022702 0.0483514 0.0342380 0.0157174 0.0330051 0.0432276 0.0427521 0.0163575 0.0175574 0.0281297 0.0644010 0.0374071 0.0705358 0.0585543 0.0581956 0.0530383 0.0456838 0.0562636 0.0374176 0.0610260 0.0342261 0.0673586 0.0390083 0.0111170 0.0179381 0.0451133 0.0372429 0.0399283 0.0246215 0.0018388 0.0260135 -0.0520651 -0.0600739 0.0307696 0.0252012 0.0351510 -0.0086624 0.0167540 -0.1228823 0.0196292 -0.0191618 0.0028231 0.0032604 0.0346820 -0.0488243 0.0174104 -0.0923089 -0.2865135 -0.2910828 -0.2888511 -0.2844509 -0.2863275 -0.2834244 -0.2865325 -0.2890035 -0.2906166 -0.2933171 -0.2937435 -0.2940895 -0.2939001 -0.2952648 -0.2960066 -0.2949221 -0.2961397 -0.2948187
-0.0024591 -0.0060780 -0.0014930 -0.0017690 -0.0054313 -0.0033660 -0.0057242 -0.0041427 -0.0047351 -0.0061831 -0.0038958 -0.0057491 -0.0081736 -0.0022529 -0.0015887 -0.0069937 0.9594412 0.0113381 0.0138417 0.0256731 0.0222093 0.0069351 0.0119606 0.0277194 -0.0108526 -0.0109476 -0.0118118 -0.0052725 -0.0125934 -0.0107904 -0.0141828 -0.0168999 -0.0153673 -0.0027022 -0.0043874 -0.0108637 -0.0066449 -0.0065407 -0.0105307 -0.0103775 -0.0026084 -0.0042030 -0.0140373 -0.0103075 -0.0118049 -0.0051347 -0.0033696 -0.0146806 0.0015338 -0.0119902 -0.0079151 -0.0037311 -0.0186919 -0.0046995 -0.0000612 -0.0112221 -0.0025101 -0.0108911 -0.0162508 -0.0087039 -0.0096774 -0.0159692 -0.0145943 -0.0112013 -0.0103741 -0.0098579 -0.0146950 -0.0142675 -0.0107979 -0.0116638 -0.0115318 -0.0060443 -0.0035641 -0.0071420 -0.0077039 -0.0129301 -0.0078219 -0.0129241 -0.0054995 -0.0025493 -0.0025102 -0.0075271 -0.0014270 -0.0079529 -0.0045439 -0.0111150 -0.0037977 -0.0058801 -0.0041134 -0.0210938 -0.0201123 -0.0191617 -0.0085504 -0.0027027 -0.0031621 0.0070006 0.0057895 0.0068675 0.0073022 0.0066976 0.0063715 0.0078801 0.0076129 0.0061429 0.0060977 0.0061150 0.0045658 0.0055313 0.0045308 0.0040678 0.0065110 -0.0001291 0.0041665
0.0162005 0.0202083 0.0152675 0.0167304 0.0178006 0.0156539 0.0175286 0.0151334 0.0169127 0.0160057 0.0163556 0.0178104 0.0170968 0.0178403 0.0163408 0.0163778 0.0113381 0.9295448 0.0268739 0.0227018 0.0142810 0.0186200 0.0171155 0.0192470 0.0078592 0.0006262 0.0043108 0.0035319 0.0082728 0.0029007 0.0036724 0.0013105 0.0045551 0.0099491 0.0015185 0.0037960 0.0057486 0.0052894 0.0049132 0.0021172 0.0068049 -0.0035451 0.0059921 0.0042582 0.0058734 0.0032687 0.0029265 0.0000290 -0.0089490 -0.0017787 0.0011645 -0.0136226 -0.0074389 0.0045765 -0.0067548 -0.0083263 -0.0043292 -0.0012569 -0.0001320 -0.0012685 0.0012298 -0.0039848 -0.0037811 -0.0000301 -0.0008326 -0.0020185 -0.0046601 -0.0005322 -0.0076313 0.0018053 -0.0046620 -0.0018445 -0.0025880 0.0018046 0.0009304 0.0078914 -0.0043043 -0.0033031 0.0025892 -0.0140825 -0.0169612 0.0013964 0.0024858 -0.0004440 -0.0033411 0.0023899 -0.0244422 -0.0057701 -0.0101604 -0.0107872 -0.0100556 -0.0008656 -0.0145562 -0.0079607 -0.0155096 -0.0484767 -0.0527163 -0.0504591 -0.0479717 -0.0494945 -0.0486458 -0.0509306 -0.0516217 -0.0495531 -0.0508455 -0.0527455 -0.0545845 -0.0553975 -0.0544689 -0.0536408 -0.0535987 -0.0575156 -0.0523895
0.0137648 0.0184354 0.0193013 0.0165073 0.0151674 0.0174207 0.0195469 0.0206289 0.0169184 0.0134296 0.0181565 0.0170013 0.0167890 0.0190063 0.0171569 0.0158354 0.0138417 0.0268739 0.9381505 0.0200175 0.0224817 0.0211737 0.0139145 0.0213844 0.0065988 0.0064892 0.0090469 0.0037399 0.0049061 0.0028068 0.0044869 0.0009689 0.0034641 0.0096690 -0.0028596 0.0091965 0.0037091 0.0038689 0.0046374 0.0078012 0.0041649 -0.0012468 0.0026038 0.0002354 0.0131716 0.0055746 0.0010014 0.0011312 -0.0039888 0.0019704 0.0000054 -0.0132999 -0.0014495 0.0030435 0.0002891 -0.0001623 -0.0080906 -0.0054775 -0.0014931 0.0016120 0.0004133 -0.0025427 -0.0010376 0.0055754 -0.0024119 -0.0017259 -0.0029135 0.0021173 -0.0100630 0.0026339 -0.0095877 -0.0115400 -0.0057195 0.0028272 -0.0008539 0.0002430 -0.0028616 -0.0092001 -0.0033316 -0.0118482 -0.0101739 -0.0053363 0.0054272 -0.0076556 -0.0086993 -0.0025380 -0.0288775 -0.0054539 -0.0220292 -0.0101808 -0.0109098 -0.0024457 -0.0184502 -0.0051167 -0.0243157 -0.0474523 -0.0512419 -0.0503385 -0.0485710 -0.0473296 -0.0475271 -0.0488842 -0.0492689 -0.0513897 -0.0491379 -0.0512382 -0.0538003 -0.0518671 -0.0521394 -0.0542456 -0.0512219 -0.0528673 -0.0543703
0.0062076 0.0088835 0.0034307 0.0043251 0.0052368 0.0052198 0.0089535 0.0067121 0.0098381 0.0094758 0.0061829 0.0077231 0.0069075 0.0053733 0.0044701 0.0088814 0.0256731 0.0227018 0.0200175 0.9607974 0.0143624 0.0258373 0.0307476 0.0187556 -0.0028775 -0.0046182 -0.0040525 -0.0046001 -0.0052275 -0.0067550 -0.0089925 -0.0082141 -0.0057358 0.0028826 -0.0055417 -0.0015159 0.0016175 -0.0049865 -0.0038437 -0.0061364 -0.0076758 -0.0094067 -0.0108194 -0.0068652 -0.0022715 -0.0080190 -0.0110416 -0.0020909 -0.0049062 -0.0028792 -0.0014641 -0.0047856 0.0006140 -0.0036375 -0.0063132 -0.0181099 -0.0072818 -0.0035490 -0.0070731 -0.0009478 -0.0071634 -0.0106979 -0.0100504 -0.0115531 -0.0037563 -0.0095865 -0.0057683 -0.0022673 -0.0155794 -0.0023801 -0.0111835 -0.0129692 -0.0079217 0.0071118 0.0002543 -0.0111726 -0.0100434 -0.0133422 -0.0088474 -0.0104368 -0.0232160 -0.0094770 -0.0172613 -0.0040614 -0.0166544 -0.0072874 -0.0101619 -0.0029325 -0.0067952 -0.0087022 -0.0083043 -0.0057427 -0.0060087 -0.0231751 -0.0089018 -0.0194251 -0.0228567 -0.0199655 -0.0185961 -0.0168751 -0.0195681 -0.0207901 -0.0172285 -0.0181865 -0.0194225 -0.0189555 -0.0210399 -0.0192467 -0.0217207 -0.0199646 -0.0204679 -0.0220017 -0.0240346
0.0019299 -0.0023694 -0.0014558 -0.0028983 -0.0016963 -0.0021256 -0.0013419 -0.0010374 -0.0025276 -0.0022798 -0.0015209 -0.0036841 -0.0030789 -0.0019001 -0.0002130 -0.0014630 0.0222093 0.0142810 0.0224817 0.0143624 0.9696410 0.0189207 0.0163555 0.0242050 -0.0111599 -0.0083114 -0.0043633 -0.0103576 -0.0111557 -0.0154770 -0.0090601 -0.0160929 -0.0157802 -0.0027242 -0.0138699 -0.0108033 -0.0160906 -0.0076626 -0.0111101 -0.0090427 -0.0047978 -0.0108182 -0.0132808 -0.0115170 -0.0084760 -0.0081461 -0.0095792 -0.0178638 -0.0022194 -0.0059312 -0.0115141 -0.0031109 -0.0079817 -0.0127901 -0.0151044 -0.0131741 -0.0104482 -0.0159392 -0.0176458 -0.0101388 -0.0136054 -0.0106598 -0.0117133 -0.0073390 -0.0112172 -0.0145785 -0.0122631 -0.0193831 -0.0150173 -0.0076110 -0.0100601 -0.0082082 -0.0076594 -0.0060572 -0.0058965 -0.0182499 -0.0097396 -0.0012885 -0.0130865 -0.0065586 -0.0074361 -0.0103370 -0.0098458 -0.0049887 -0.0109248 -0.0150745 0.0004464 -0.0065606 -0.0036768 -0.0147040 -0.0150175 -0.0052793 -0.0034966 -0.0029109 -0.0068483 0.0052448 0.0055494 0.0074482 0.0072870 0.0076514 0.0065617 0.0061553 0.0067388 0.0056178 0.0057074 0.0042034 0.0038056 0.0053082 0.0025783 0.0041625 0.0042982 0.0002848 0.0038647
0.0247175 0.0238232 0.0229625 0.0217075 0.0229620 0.0220367 0.0228994 0.0248563 0.0216632 0.0203571 0.0198457 0.0224798 0.0225448 0.0232126 0.0268823 0.0226498 0.0069351 0.0186200 0.0211737 0.0258373 0.0189207 0.9415618 0.0213478 0.0275294 0.0047191 0.0104386 0.0092490 0.0116972 0.0047037 0.0034386 0.0067969 0.0042650 0.0059968 0.0125623 0.0049010 0.0095291 0.0062646 0.0103040 0.0036314 0.0100277 0.0037907 -0.0009815 0.0046470 0.0039532 0.0085233 0.0037994 0.0015431 0.0043959 -0.0026825 -0.0001446 0.0052554 -0.0016981 0.0086994 0.0004502 -0.0025629 -0.0084869 -0.0089246 0.0025661 0.0066946 0.0056168 -0.0010115 0.0023245 0.0028886 0.0007575 -0.0051426 -0.0022162 -0.0050370 0.0044218 -0.0065865 0.0056539 -0.0096509 -0.0069073 -0.0047449 0.0064404 0.0023230 -0.0001986 -0.0005952 0.0010177 0.0109976 -0.0164053 -0.0237621 -0.0054305 -0.0077693 0.0051423 -0.0136327 -0.0007734 -0.0294072 -0.0028822 -0.0147848 -0.0050458 -0.0041165 -0.0011257 -0.0176135 -0.0079065 -0.0235804 -0.0630876 -0.0646463 -0.0642450 -0.0613577 -0.0617642 -0.0628073 -0.0606802 -0.0625002 -0.0641867 -0.0636564 -0.0633824 -0.0636600 -0.0627682 -0.0650651 -0.0632331 -0.0670232 -0.0666537 -0.0663690
0.0033430 0.0051604 0.0037723 0.0047167 0.0050496 0.0037969 0.0049155 0.0049152 0.0065027 0.0049959 0.0049724 0.0058361 0.0048390 0.0040444 0.0048631 0.0047455 0.0119606 0.0171155 0.0139145 0.0307476 0.0163555 0.0213478 0.9460896 0.0218846 -0.0041293 -0.0079364 -0.0070046 -0.0067848 -0.0067286 -0.0071641 -0.0029792 -0.0076714 -0.0063182 0.0014771 -0.0072913 -0.0073114 -0.0071619 -0.0054452 -0.0086390 -0.0060731 -0.0012787 -0.0070824 -0.0072508 -0.0049161 -0.0075524 -0.0036329 -0.0089296 -0.0063867 -0.0097174 -0.0040195 -0.0006759 -0.0041791 -0.0063860 -0.0056648 -0.0097680 -0.0098189 -0.0142189 0.0005692 -0.0052031 -0.0031205 -0.0109245 -0.0093984 -0.0077463 -0.0125568 -0.0105470 -0.0057211 -0.0113040 -0.0072006 -0.0129312 -0.0045673 -0.0161637 -0.0089752 -0.0114436 0.0021853 -0.0063308 -0.0124768 -0.0075790 -0.0116849 -0.0040737 -0.0049513 -0.0160192 -0.0060205 -0.0091766 -0.0004701 -0.0075434 -0.0063183 -0.0147101 0.0029531 -0.0044447 -0.0134570 -0.0127163 -0.0089808 -0.0100785 -0.0111513 -0.0069446 -0.0116969 -0.0121235 -0.0134925 -0.0081791 -0.0117784 -0.0088999 -0.0102707 -0.0104473 -0.0115421 -0.0110435 -0.0131766 -0.0140269 -0.0116442 -0.0125764 -0.0124402 -0.0139318 -0.0159785 -0.0110831
0.0147731 0.0099098 0.0101691 0.0130069 0.0112716 0.0105420 0.0072973 0.0074219 0.0108634 0.0123758 0.0094177 0.0091109 0.0095933 0.0117483 0.0106250 0.0115640 0.0277194 0.0192470 0.0213844 0.0187556 0.0242050 0.0275294 0.0218846 0.9425924 0.0038254 0.0077940 0.0004002 0.0052609 0.0007484 -0.0008527 -0.0001910 0.0015142 -0.0015671 0.0072242 -0.0047349 0.0035635 0.0029292 0.0058634 0.0035338 0.0002280 0.0048611 -0.0027385 -0.0025201 -0.0001223 0.0042642 0.0037004 0.0027048 -0.0056364 -0.0079001 -0.0017068 0.0027539 0.0003598 -0.0047167 -0.0018388 0.0025737 -0.0090472 -0.0053700 -0.0045381 -0.0028417 -0.0073575 0.0006468 -0.0024811 -0.0017832 -0.0064676 -0.0063566 -0.0071249 -0.0067513 -0.0054885 -0.0040158 0.0054655 -0.0050215 -0.0012786 -0.0019994 -0.0014392 -0.0013753 -0.0019228 0.0000997 -0.0016418 -0.0080537 -0.0131870 -0.0223074 -0.0074240 -0.0027023 -0.0025992 -0.0039530 -0.0078525 -0.0181207 -0.0084075 -0.0157007 -0.0042617 -0.0046389 -0.0069144 -0.0143532 -0.0070979 -0.0153197 -0.0396967 -0.0398696 -0.0411044 -0.0372589 -0.0367474 -0.0373366 -0.0366647 -0.0371606 -0.0380149 -0.0398697 -0.0398925 -0.0386791 -0.0427745 -0.0413981 -0.0404952 -0.0411032 -0.0429074 -0.0412734
0.0763273 0.0776777 0.0768309 0.0772828 0.0794757 0.0803377 0.0795788 0.0802660 0.0803643 0.0765183 0.0749834 0.0755880 0.0765169 0.0779396 0.0760673 0.0795043 -0.0108526 0.0078592 0.0065988 -0.0028775 -0.0111599 0.0047191 -0.0041293 0.0038254 0.8477594 0.0749547 0.0783418 0.0874640 0.0993745 0.1102079 0.1121030 0.0918679 0.0824334 0.0588408 0.0655139 0.0818347 0.0705757 0.0698875 0.0717722 0.0772817 0.0535425 0.0553741 0.0688094 0.0555102 0.0630794 0.0679405 0.0552466 0.0551900 -0.0041656 0.0401997 0.0264382 0.0175727 0.0280021 0.0379051 0.0345823 0.0222656 0.0204176 0.0227268 0.0612187 0.0339630 0.0603572 0.0504896 0.0506203 0.0545990 0.0438055 0.0533915 0.0367605 0.0566663 0.0427064 0.0652655 0.0388428 0.0137484 0.0140076 0.0377524 0.0359145 0.0397481 0.0234983 0.0070797 0.0206472 -0.0420544 -0.0560464 0.0293752 0.0308670 0.0394008 -0.0107082 0.0167548 -0.1115863 0.0232517 -0.0132979 0.0062293 0.0049544 0.0348575 -0.0658313 0.0223376 -0.0860547 -0.2617723 -0.2671965 -0.2624065 -0.2621302 -0.2611197 -0.2609305 -0.2602710 -0.2649397 -0.2646220 -0.2692554 -0.2682520 -0.2681511 -0.2707412 -0.2708588 -0.2711338 -0.2677877 -0.2716296 -0.2697356
0.0748612 0.0764665 0.0765044 0.0738536 0.0760914 0.0784352 0.0783830 0.0800477 0.0755419 0.0742756 0.0731003 0.0724960 0.0746417 0.0699870 0.0758983 0.0804322 -0.0109476 0.0006262 0.0064892 -0.0046182 -0.0083114 0.0104386 -0.0079364 0.0077940 0.0749547 0.8544971 0.1079498 0.0646319 0.0793922 0.0722811 0.0824930 0.0738421 0.0826072 0.0582163 0.0619773 0.0818738 0.0672380 0.0685463 0.0721618 0.0764080 0.0527294 0.0583955 0.0637074 0.0510301 0.0562726 0.0687390 0.0569071 0.0543641 -0.0001943 0.0476187 0.0310479 0.0163007 0.0381478 0.0436491 0.0467344 0.0165195 0.0214132 0.0260476 0.0620194 0.0367053 0.0722378 0.0573357 0.0568246 0.0528316 0.0436275 0.0504802 0.0321324 0.0547948 0.0358247 0.0631417 0.0352614 0.0131195 0.0203232 0.0413409 0.0413300 0.0332924 0.0263587 0.0037299 0.0269627 -0.0379186 -0.0504443 0.0344559 0.0264571 0.0409288 -0.0032501 0.0251346 -0.1178045 0.0225509 -0.0144974 0.0068448 0.0070810 0.0366145 -0.0594188 0.0191719 -0.0798239 -0.2546417 -0.2613602 -0.2588308 -0.2550771 -0.2569755 -0.2549058 -0.2587003 -0.2595929 -0.2596518 -0.2635664 -0.2626161 -0.2635899 -0.2635146 -0.2624048 -0.2668444 -0.2639378 -0.2643516 -0.2644055
0.0750633 0.0783813 0.0805220 0.0773009 0.0799704 0.0798827 0.0806995 0.0803105 0.0788792 0.0753459 0.0756424 0.0770857 0.0803034 0.0747806 0.0802422 0.0816405 -0.0118118 0.0043108 0.0090469 -0.0040525 -0.0043633 0.0092490 -0.0070046 0.0004002 0.0783418 0.1079498 0.8509198 0.0713122 0.0761136 0.0821702 0.0817664 0.0801381 0.0794462 0.0586780 0.0634587 0.0768007 0.0724564 0.0679235 0.0726428 0.0765259 0.0546084 0.0581199 0.0676641 0.0563499 0.0589485 0.0657880 0.0589092 0.0559457 -0.0030702 0.0447680 0.0248587 0.0197031 0.0324355 0.0362375 0.0400686 0.0153274 0.0200348 0.0291256 0.0614365 0.0418745 0.0681785 0.0567481 0.0561323 0.0592400 0.0494185 0.0478856 0.0362946 0.0558700 0.0387742 0.0669405 0.0432559 0.0137730 0.0131926 0.0409564 0.0417783 0.0380193 0.0232504 0.0037629 0.0255349 -0.0482695 -0.0543467 0.0350886 0.0286464 0.0372065 -0.0007691 0.0211776 -0.1109236 0.0203575 -0.0135146 0.0049216 0.0042805 0.0346001 -0.0606070 0.0250830 -0.0786502 -0.2610343 -0.2664937 -0.2629933 -0.2592103 -0.2616109 -0.2588108 -0.2615259 -0.2622492 -0.2642666 -0.2668917 -0.2663965 -0.2685867 -0.2680447 -0.2683322 -0.2696567 -0.2671074 -0.2697671 -0.2680914
0.0637754 0.0668908 0.0713434 0.0695156 0.0687288 0.0690734 0.0711949 0.0707062 0.0711376 0.0696806 0.0697471 0.0694008 0.0695102 0.0695836 0.0693934 0.0700568 -0.0052725 0.0035319 0.0037399 -0.0046001 -0.0103576 0.0116972 -0.0067848 0.0052609 0.0874640 0.0646319 0.0713122 0.8600088 0.0993192 0.0823217 0.0822118 0.0905660 0.0649503 0.0533475 0.0550333 0.0731684 0.0673751 0.0634436 0.0661037 0.0592666 0.0566310 0.0554800 0.0634740 0.0498654 0.0533545 0.0678161 0.0634401 0.0545848 -0.0060794 0.0373608 0.0318323 0.0180314 0.0342554 0.0433504 0.0367783 0.0113545 0.0207107 0.0208876 0.0575052 0.0289052 0.0612172 0.0523630 0.0529391 0.0501720 0.0399252 0.0452713 0.0260023 0.0550797 0.0363164 0.0614385 0.0317959 0.0157680 0.0230845 0.0321280 0.0336194 0.0317944 0.0202103 0.0015930 0.0180699 -0.0419067 -0.0490802 0.0276106 0.0257175 0.0332442 -0.0078006 0.0172961 -0.1029300 0.0188048 -0.0212929 0.0033961 0.0035269 0.0247705 -0.0639945 0.0174105 -0.0778225 -0.2385782 -0.2434142 -0.2423695 -0.2371196 -0.2370312 -0.2363129 -0.2388187 -0.2410261 -0.2431182 -0.2475492 -0.2443062 -0.2454945 -0.2464829 -0.2446439 -0.2479471 -0.2448754 -0.2482044 -0.2477755
0.0697112 0.0727760 0.0725509 0.0718358 0.0726686 0.0747477 0.0741534 0.0743186 0.0738967 0.0715376 0.0730988 0.0719584 0.0734421 0.0734564 0.0734971 0.0763689 -0.0125934 0.0082728 0.0049061 -0.0052275 -0.0111557 0.0047037 -0.0067286 0.0007484 0.0993745 0.0793922 0.0761136 0.0993192 0.8545842 0.0920890 0.0887967 0.0987234 0.0713608 0.0562109 0.0579262 0.0736775 0.0649307 0.0679479 0.0709582 0.0673493 0.0537678 0.0481942 0.0628201 0.0516819 0.0535176 0.0631154 0.0528651 0.0537898 0.0068445 0.0395649 0.0305774 0.0087675 0.0348319 0.0426004 0.0385164 0.0159250 0.0197000 0.0277456 0.0594913 0.0322777 0.0676385 0.0559322 0.0555701 0.0554353 0.0416197 0.0505107 0.0327058 0.0532241 0.0353782 0.0630767 0.0351942 0.0156174 0.0168228 0.0386287 0.0361920 0.0327557 0.0222706 0.0029910 0.0249454 -0.0403039 -0.0487665 0.0320312 0.0230493 0.0369515 -0.0082718 0.0133000 -0.1091336 0.0155174 -0.0155015 0.0075449 0.0077759 0.0293803 -0.0634352 0.0183027 -0.0793679 -0.2466910 -0.2537516 -0.2507966 -0.2484405 -0.2488339 -0.2474010 -0.2495296 -0.2525464 -0.2526463 -0.2553810 -0.2565940 -0.2551597 -0.2567967 -0.2565075 -0.2577597 -0.2565877 -0.2578906 -0.2574501
0.0718781 0.0750673 0.0777995 0.0740236 0.0760905 0.0783555 0.0797566 0.0772633 0.0778385 0.0734930 0.0737215 0.0730972 0.0754027 0.0724027 0.0757400 0.0777132 -0.0107904 0.0029007 0.0028068 -0.0067550 -0.0154770 0.0034386 -0.0071641 -0.0008527 0.1102079 0.0722811 0.0821702 0.0823217 0.0920890 0.8532414 0.1098863 0.0886744 0.0719035 0.0584239 0.0638807 0.0775052 0.0715675 0.0781002 0.0705508 0.0749511 0.0532076 0.0572197 0.0718990 0.0559961 0.0621673 0.0669803 0.0591654 0.0650475 -0.0004045 0.0398429 0.0264089 0.0183725 0.0340388 0.0401601 0.0466281 0.0168410 0.0174715 0.0251042 0.0597554 0.0324070 0.0700379 0.0589118 0.0597903 0.0591509 0.0425304 0.0524725 0.0353889 0.0657300 0.0431107 0.0699279 0.0398802 0.0133409 0.0208064 0.0352645 0.0328465 0.0449674 0.0206293 0.0056898 0.0246382 -0.0443844 -0.0513706 0.0358235 0.0296122 0.0369268 -0.0054265 0.0217359 -0.1143815 0.0215361 -0.0173218 0.0079256 0.0077290 0.0330568 -0.0629700 0.0213570 -0.0844678 -0.2590181 -0.2663093 -0.2621140 -0.2601165 -0.2604929 -0.2586356 -0.2603246 -0.2626902 -0.2629800 -0.2671893 -0.2669026 -0.2670266 -0.2664993 -0.2686937 -0.2678369 -0.2677082 -0.2697755 -0.2687050
0.0805313 0.0825380 0.0862643 0.0809871 0.0857536 0.0818849 0.0852405 0.0852492 0.0833875 0.0799115 0.0814587 0.0809057 0.0822864 0.0787146 0.0837984 0.0860351 -0.0141828 0.0036724 0.0044869 -0.0089925 -0.0090601 0.0067969 -0.0029792 -0.0001910 0.1121030 0.0824930 0.0817664 0.0822118 0.0887967 0.1098863 0.8521498 0.0910161 0.0831847 0.0631065 0.0675013 0.0870664 0.0776054 0.0802587 0.0810422 0.0814662 0.0616350 0.0600257 0.0754186 0.0587197 0.0651801 0.0783138 0.0617018 0.0659932 -0.0075012 0.0507817 0.0319690 0.0260675 0.0389820 0.0435519 0.0488976 0.0218366 0.0176703 0.0257132 0.0735792 0.0362463 0.0694704 0.0584268 0.0586527 0.0548700 0.0477082 0.0545651 0.0386775 0.0667805 0.0432667 0.0775013 0.0404446 0.0121037 0.0201065 0.0442894 0.0424779 0.0391717 0.0248612 0.0044111 0.0254756 -0.0454184 -0.0574522 0.0343262 0.0300697 0.0424695 -0.0089895 0.0209855 -0.1180473 0.0244599 -0.0159048 0.0106213 0.0104091 0.0371280 -0.0713485 0.0322075 -0.0908302 -0.2784912 -0.2845632 -0.2791311 -0.2784292 -0.2783549 -0.2762043 -0.2794111 -0.2809678 -0.2828058 -0.2851165 -0.2854587 -0.2852264 -0.2855034 -0.2866347 -0.2861176 -0.2868214 -0.2875059 -0.2859716
0.0691005 0.0740080 0.0731165 0.0715317 0.0735209 0.0721843 0.0753229 0.0753476 0.0756668 0.0716253 0.0701960 0.0717902 0.0733500 0.0713424 0.0711226 0.0778049 -0.0168999 0.0013105 0.0009689 -0.0082141 -0.0160929 0.0042650 -0.0076714 0.0015142 0.0918679 0.0738421 0.0801381 0.0905660 0.0987234 0.0886744 0.0910161 0.8518621 0.0769444 0.0557129 0.0561088 0.0795021 0.0685947 0.0668326 0.0724935 0.0662636 0.0503825 0.0540117 0.0631074 0.0510879 0.0555629 0.0670795 0.0571471 0.0544011 -0.0042126 0.0429217 0.0255013 0.0208777 0.0289799 0.0443035 0.0421968 0.0203689 0.0188054 0.0281118 0.0560752 0.0371618 0.0646474 0.0591512 0.0593361 0.0508031 0.0403699 0.0479224 0.0382258 0.0547739 0.0386595 0.0656425 0.0440875 0.0154432 0.0190761 0.0331040 0.0325569 0.0407598 0.0249606 0.0047984 0.0206301 -0.0397137 -0.0493161 0.0313010 0.0233906 0.0351708 -0.0058227 0.0175455 -0.1055790 0.0159054 -0.0124738 -0.0017882 -0.0012353 0.0291206 -0.0577581 0.0288670 -0.0787781 -0.2491799 -0.2538883 -0.2499632 -0.2485504 -0.2476161 -0.2474431 -0.2493095 -0.2513583 -0.2520362 -0.2545887 -0.2548745 -0.2564884 -0.2569410 -0.2576674 -0.2579007 -0.2569795 -0.2582550 -0.2563414
0.0805928 0.0801341 0.0840635 0.0814433 0.0834913 0.0852549 0.0858308 0.0871558 0.0845002 0.0826830 0.0811107 0.0819859 0.0849343 0.0788128 0.0832570 0.0906302 -0.0153673 0.0045551 0.0034641 -0.0057358 -0.0157802 0.0059968 -0.0063182 -0.0015671 0.0824334 0.0826072 0.0794462 0.0649503 0.0713608 0.0719035 0.0831847 0.0769444 0.8511251 0.0635074 0.0746381 0.0944758 0.0752920 0.0848847 0.0894458 0.0878780 0.0599613 0.0660280 0.0775153 0.0619245 0.0666805 0.0695195 0.0598926 0.0700185 0.0001238 0.0572746 0.0355445 0.0200320 0.0404020 0.0454019 0.0473980 0.0225336 0.0236378 0.0291729 0.0742904 0.0381729 0.0735313 0.0634503 0.0623671 0.0624044 0.0520806 0.0585855 0.0435253 0.0687134 0.0442596 0.0723002 0.0437801 0.0177725 0.0185885 0.0494407 0.0433457 0.0413541 0.0300592 0.0086337 0.0276922 -0.0421760 -0.0523104 0.0357464 0.0306007 0.0423132 -0.0038789 0.0293721 -0.1218528 0.0296969 -0.0112960 0.0096371 0.0092085 0.0376743 -0.0690885 0.0211975 -0.0789127 -0.2825063 -0.2848551 -0.2835400 -0.2821167 -0.2815461 -0.2795937 -0.2815395 -0.2848580 -0.2854726 -0.2898742 -0.2888997 -0.2897139 -0.2896240 -0.2905641 -0.2908050 -0.2885629 -0.2897982 -0.2901371
0.0625269 0.0648106 0.0658126 0.0630016 0.0653306 0.0650007 0.0673492 0.0669787 0.0656481 0.0636194 0.0628051 0.0642203 0.0651987 0.0637245 0.0641935 0.0646796 -0.0027022 0.0099491 0.0096690 0.0028826 -0.0027242 0.0125623 0.0014771 0.0072242 0.0588408 0.0582163 0.0586780 0.0533475 0.0562109 0.0584239 0.0631065 0.0557129 0.0635074 0.9223498 0.0515617 0.0630624 0.0559272 0.0563142 0.0594781 0.0584954 0.0457580 0.0463495 0.0543567 0.0438985 0.0485134 0.0535602 0.0470092 0.0495798 0.0022591 0.0389801 0.0278263 0.0158705 0.0301709 0.0327040 0.0357240 0.0163910 0.0181947 0.0219689 0.0518455 0.0304001 0.0548282 0.0475420 0.0474611 0.0437035 0.0374059 0.0424751 0.0310377 0.0503218 0.0324530 0.0522297 0.0326663 0.0137656 0.0166657 0.0355501 0.0336705 0.0308653 0.0229091 0.0078729 0.0233142 -0.0315515 -0.0370627 0.0273146 0.0239604 0.0327632 -0.0006572 0.0190427 -0.0836236 0.0206394 -0.0082573 0.0120314 0.0116302 0.0294549 -0.0459937 0.0201527 -0.0598634 -0.2003877 -0.2042464 -0.2018965 -0.2005070 -0.2002566 -0.1981801 -0.2003437 -0.2022796 -0.2035723 -0.2068269 -0.2058537 -0.2071967 -0.2066937 -0.2077722 -0.2084276 -0.2072437 -0.2090981 -0.2076487
