0.1436125 0.0276625 0.7930965 0.0000996 0.0355288
0.1382114 0.0170788 0.8072914 0.0000993 0.0373191
0.1221963 0.0110217 0.8445460 0.0000994 0.0221367
0.1591691 0.0325039 0.7638629 0.0000993 0.0443648
0.0901951 0.0130280 0.8737692 0.0000996 0.0229081
0.1275722 0.0000996 0.8570046 0.0000996 0.0152239
0.1085673 0.0119808 0.8725746 0.0000993 0.0067780
0.1144442 0.0070721 0.8778903 0.0000994 0.0004940
0.1263777 0.0000996 0.8730250 0.0000996 0.0003980
0.1107913 0.0018543 0.8823934 0.0000999 0.0048611
0.0859002 0.0099387 0.9010095 0.0030517 0.0001000
0.0852305 0.0001000 0.9144697 0.0001000 0.0001000
0.1069363 0.0000997 0.8817310 0.0000997 0.0111334
0.1045359 0.0111576 0.8820468 0.0000998 0.0021599
0.2164822 0.0118502 0.7328236 0.0000992 0.0387448
0.2128477 0.0000992 0.7440522 0.0000992 0.0429017
0.1973417 0.0001000 0.5640993 0.2383589 0.0001000
0.0994554 0.0406673 0.6726630 0.1871143 0.0001000
0.0249431 0.0529841 0.7313922 0.1905806 0.0001000
0.0000997 0.1110558 0.6749393 0.1996880 0.0142172
0.0243790 0.0073872 0.7207131 0.2474206 0.0001000
0.0000997 0.1194374 0.6914031 0.1594670 0.0295928
0.0000999 0.0329972 0.7185430 0.2249830 0.0233769
0.0061104 0.0681045 0.7004427 0.1991300 0.0262124
0.6680356 0.0020157 0.2367507 0.0000990 0.0930990
0.5594784 0.0331906 0.2097063 0.0000987 0.1975260
0.5870208 0.0098648 0.2494799 0.0000989 0.1535357
0.5954508 0.0000999 0.1974471 0.0000999 0.2069024
0.6126646 0.0130683 0.1847079 0.0000992 0.1894599
0.6932901 0.0139714 0.1320176 0.0000988 0.1606222
0.6620954 0.0264834 0.1719492 0.0000979 0.1393741
0.6970087 0.0000994 0.1198333 0.0000994 0.1829592
0.5789661 0.0721122 0.1793806 0.0000973 0.1694438
0.4589592 0.1193136 0.2707014 0.0191291 0.1318967
0.6182497 0.0648759 0.1691879 0.0000997 0.1475868
0.5818600 0.0327110 0.2139036 0.0000978 0.1714276
0.5597894 0.0635807 0.2026510 0.0000987 0.1738802
0.5439575 0.1136446 0.2016285 0.0000984 0.1406709
0.5199925 0.0889545 0.2316645 0.0000979 0.1592906
0.5538514 0.0790783 0.2168513 0.0000983 0.1501207
0.5176178 0.0001000 0.2840331 0.0301078 0.1681414
0.5619506 0.0001000 0.1612582 0.0214328 0.2552584
0.5710517 0.1442593 0.1274856 0.0000984 0.1571050
0.5909622 0.0899483 0.2496056 0.0215949 0.0478891
0.4733611 0.0830976 0.3317719 0.0088031 0.1029663
0.5919495 0.0000999 0.2143842 0.0000999 0.1934664
0.6179640 0.0001000 0.1860743 0.0217862 0.1740754
0.3794934 0.3434408 0.0315004 0.0000978 0.2454676
0.5532171 0.1650771 0.1116162 0.1684774 0.0016121
0.4801933 0.2023239 0.1681052 0.0208135 0.1285641
0.3328991 0.1894180 0.1627391 0.0694896 0.2454542
0.5640750 0.0001001 0.1626712 0.1395259 0.1336278
0.3047400 0.2829930 0.1163576 0.0420008 0.2539086
0.6165110 0.0007465 0.1955449 0.0751054 0.1120922
0.6773015 0.0739928 0.0693671 0.0454465 0.1338920
0.6008950 0.1201702 0.1567492 0.1220722 0.0001133
0.5146353 0.0765670 0.0461737 0.1156360 0.2469880
0.4605281 0.0800869 0.1191390 0.1023828 0.2378632
0.1799337 0.0875526 0.0401700 0.0000993 0.6922444
0.4262400 0.0359839 0.1214122 0.0738561 0.3425078
0.0893521 0.0068640 0.0253202 0.0007556 0.8777080
0.0000998 0.0000998 0.0000998 0.0213509 0.9783496
0.0000998 0.0000998 0.0000998 0.0230268 0.9766737
0.5097668 0.2409556 0.1160440 0.0000998 0.1331338
0.6108270 0.2336118 0.0433314 0.0177558 0.0944741
0.8683031 0.0168884 0.0802206 0.0344879 0.0001000
0.8697148 0.0659414 0.0001001 0.0641436 0.0001001
0.3842415 0.3399431 0.0360659 0.0000977 0.2396519
0.9269389 0.0121492 0.0001001 0.0607117 0.0001001
0.6249646 0.0673492 0.1739386 0.0000995 0.1336481
0.9089364 0.0270341 0.0001000 0.0638294 0.0001000
0.7509804 0.0001001 0.0229898 0.1425017 0.0834280
0.5988550 0.0934631 0.0771490 0.1195218 0.1110111
0.4851710 0.1193693 0.1977313 0.0481757 0.1495527
0.4971480 0.1280488 0.0961857 0.0500886 0.2285290
0.5352839 0.0001001 0.1302518 0.0803248 0.2540395
0.5126438 0.0058254 0.1105637 0.1082062 0.2627609
0.3945589 0.2477530 0.0786019 0.1346508 0.1444353
0.4551598 0.1020681 0.1475690 0.0965698 0.1986332
0.6270397 0.0671937 0.0001002 0.3055663 0.0001002
0.6599142 0.0113161 0.0001002 0.3285693 0.0001002
0.7540789 0.0001001 0.0001001 0.0866182 0.1591027
0.7658672 0.0691700 0.0580196 0.0948731 0.0120702
0.5387565 0.0526259 0.0833674 0.0622760 0.2629742
0.7594622 0.0565347 0.0001001 0.1838028 0.0001001
0.6871516 0.0654785 0.0149482 0.1116349 0.1207868
0.3408799 0.0001000 0.0858903 0.5345596 0.0385702
0.5846174 0.1478527 0.0410047 0.0970150 0.1295102
0.5879723 0.1491632 0.0183671 0.2095503 0.0349469
0.0001000 0.9849913 0.0001000 0.0147089 0.0001000
0.0001000 0.9834479 0.0001000 0.0162522 0.0001000
0.6487418 0.2218765 0.0631830 0.0520790 0.0141197
0.4211617 0.0001000 0.1430087 0.3869072 0.0488225
0.8500495 0.0414991 0.0001001 0.1082512 0.0001001
0.4029655 0.1359195 0.0061065 0.4139175 0.0410909
0.0136228 0.0034659 0.0001000 0.9827113 0.0001000
0.0012217 0.0011269 0.0001000 0.9944307 0.0031207
0.0145791 0.0001000 0.0001000 0.9851208 0.0001000
0.0159340 0.0001000 0.0001000 0.9837660 0.0001000
0.0092874 0.0099602 0.0001000 0.9805523 0.0001000
0.0232559 0.0001000 0.0001000 0.9764439 0.0001000
0.0113125 0.0056252 0.0001000 0.9828622 0.0001000
0.0075163 0.0023587 0.0001000 0.9899250 0.0001000
0.0078866 0.0001000 0.0001000 0.9918134 0.0001000
0.0000999 0.0000999 0.0000999 0.9981585 0.0015417
0.0001000 0.0001000 0.0001000 0.9967740 0.0029260
0.0001000 0.0002047 0.0001000 0.9994557 0.0001397
0.0001000 0.0001000 0.0001000 0.9978504 0.0018498
0.0001000 0.0001407 0.0001000 0.9995594 0.0001000
0.0000999 0.0000999 0.0000999 0.9985293 0.0011710
0.0000999 0.0000999 0.0000999 0.9977706 0.0019296
0.0000999 0.0013590 0.0000999 0.9983411 0.0000999
0.0000999 0.0000999 0.0000999 0.9980420 0.0016581
