0.1436284 0.0276676 0.7930837 0.0000996 0.0355208
0.1382299 0.0170828 0.8072769 0.0000993 0.0373110
0.1222004 0.0110204 0.8445491 0.0000994 0.0221307
0.1591850 0.0325084 0.7638497 0.0000993 0.0443575
0.0902093 0.0130285 0.8737602 0.0000996 0.0229025
0.1275757 0.0000996 0.8570078 0.0000996 0.0152172
0.1085675 0.0119824 0.8725791 0.0000993 0.0067717
0.1144459 0.0070689 0.8778960 0.0000994 0.0004899
0.1263848 0.0000996 0.8730209 0.0000996 0.0003950
0.1107987 0.0018566 0.8823882 0.0000999 0.0048565
0.0859079 0.0099396 0.9010018 0.0030507 0.0001000
0.0852366 0.0001000 0.9144635 0.0001000 0.0001000
0.1069476 0.0000997 0.8817232 0.0000997 0.0111298
0.1045423 0.0111582 0.8820435 0.0000998 0.0021561
0.2164913 0.0118518 0.7328194 0.0000992 0.0387382
0.2128609 0.0000992 0.7440454 0.0000992 0.0428953
0.1973394 0.0001000 0.5641010 0.2383596 0.0001000
0.0994539 0.0406656 0.6726644 0.1871161 0.0001000
0.0249399 0.0529847 0.7313939 0.1905814 0.0001000
0.0000997 0.1110508 0.6749313 0.1996894 0.0142287
0.0243737 0.0073859 0.7207163 0.2474241 0.0001000
0.0000997 0.1194356 0.6913927 0.1594674 0.0296046
0.0000999 0.0329937 0.7185336 0.2249839 0.0233889
0.0061047 0.0681016 0.7004384 0.1991312 0.0262241
0.6680419 0.0020151 0.2367523 0.0000990 0.0930917
0.5594836 0.0331952 0.2097015 0.0000987 0.1975209
0.5870233 0.0098678 0.2494765 0.0000989 0.1535335
0.5954582 0.0000999 0.1974447 0.0000999 0.2068974
0.6126720 0.0130684 0.1847057 0.0000992 0.1894547
0.6933025 0.0139717 0.1320144 0.0000988 0.1606126
0.6621003 0.0264833 0.1719497 0.0000979 0.1393687
0.6970187 0.0000994 0.1198292 0.0000994 0.1829534
0.5789717 0.0721123 0.1793761 0.0000973 0.1694426
0.4589923 0.1193155 0.2706856 0.0191230 0.1318837
0.6182554 0.0648752 0.1691837 0.0000997 0.1475860
0.5818606 0.0327128 0.2139012 0.0000978 0.1714275
0.5597942 0.0635762 0.2026518 0.0000987 0.1738791
0.5439617 0.1136436 0.2016307 0.0000984 0.1406656
0.5200062 0.0889541 0.2316556 0.0000979 0.1592861
0.5538519 0.0790766 0.2168524 0.0000983 0.1501208
0.5176249 0.0001000 0.2840265 0.0301077 0.1681409
0.5619540 0.0001000 0.1612546 0.0214335 0.2552579
0.5710623 0.1442635 0.1274748 0.0000984 0.1571010
0.5909661 0.0899488 0.2496057 0.0215947 0.0478846
0.4733520 0.0831006 0.3317792 0.0087989 0.1029694
0.5919611 0.0000999 0.2143777 0.0000999 0.1934613
0.6179919 0.0001000 0.1860568 0.0217827 0.1740686
0.3795027 0.3434446 0.0314910 0.0000978 0.2454639
0.5532156 0.1650774 0.1116137 0.1684794 0.0016138
0.4801912 0.2023211 0.1681076 0.0208152 0.1285649
0.3329019 0.1894146 0.1627342 0.0694902 0.2454590
0.5640759 0.0001001 0.1626704 0.1395263 0.1336273
0.3047441 0.2829864 0.1163545 0.0420033 0.2539118
0.6165064 0.0007462 0.1955458 0.0751067 0.1120949
0.6773034 0.0739896 0.0693628 0.0454482 0.1338960
0.6008995 0.1201671 0.1567455 0.1220756 0.0001124
0.5146426 0.0765646 0.0461712 0.1156369 0.2469846
0.4605263 0.0800859 0.1191352 0.1023844 0.2378682
0.1799394 0.0875480 0.0401662 0.0000993 0.6922472
0.4262356 0.0359827 0.1214048 0.0738567 0.3425202
0.0893583 0.0068627 0.0253229 0.0007553 0.8777007
0.0000998 0.0000998 0.0000998 0.0213507 0.9783499
0.0000998 0.0000998 0.0000998 0.0230239 0.9766766
0.5097789 0.2409536 0.1160367 0.0000998 0.1331311
0.6108324 0.2336100 0.0433262 0.0177564 0.0944750
0.8683075 0.0168908 0.0802137 0.0344880 0.0001000
0.8697168 0.0659396 0.0001001 0.0641435 0.0001001
0.3842646 0.3399513 0.0360422 0.0000977 0.2396442
0.9269297 0.0121573 0.0001001 0.0607129 0.0001001
0.6249673 0.0673493 0.1739389 0.0000995 0.1336450
0.9089350 0.0270350 0.0001000 0.0638299 0.0001000
0.7509813 0.0001001 0.0229868 0.1425032 0.0834286
0.5988538 0.0934579 0.0771487 0.1195238 0.1110157
0.4851673 0.1193658 0.1977312 0.0481749 0.1495608
0.4971456 0.1280438 0.0961880 0.0500881 0.2285345
0.5352892 0.0001001 0.1302460 0.0803252 0.2540396
0.5126420 0.0058232 0.1105622 0.1082071 0.2627654
0.3945515 0.2477591 0.0785976 0.1346499 0.1444418
0.4551498 0.1020610 0.1475741 0.0965730 0.1986421
0.6270418 0.0671926 0.0001002 0.3055653 0.0001002
0.6599112 0.0113160 0.0001002 0.3285725 0.0001002
0.7540712 0.0001001 0.0001001 0.0866202 0.1591083
0.7658647 0.0691676 0.0580215 0.0948757 0.0120705
0.5387616 0.0526238 0.0833587 0.0622747 0.2629812
0.7594606 0.0565341 0.0001001 0.1838050 0.0001001
0.6871492 0.0654788 0.0149431 0.1116355 0.1207935
0.3408744 0.0001000 0.0858863 0.5345600 0.0385792
0.5846192 0.1478512 0.0409995 0.0970163 0.1295139
0.5879777 0.1491587 0.0183611 0.2095531 0.0349494
0.0001000 0.9849899 0.0001000 0.0147103 0.0001000
0.0001000 0.9834445 0.0001000 0.0162557 0.0001000
0.6487427 0.2218763 0.0631791 0.0520814 0.0141205
0.4211600 0.0001000 0.1430043 0.3869070 0.0488286
0.8500500 0.0414964 0.0001001 0.1082535 0.0001001
0.4029609 0.1359202 0.0060982 0.4139180 0.0411027
0.0136202 0.0034659 0.0001000 0.9827138 0.0001000
0.0012084 0.0011187 0.0001000 0.9944397 0.0031332
0.0145748 0.0001000 0.0001000 0.9851251 0.0001000
0.0159361 0.0001000 0.0001000 0.9837638 0.0001000
0.0092941 0.0099622 0.0001000 0.9805437 0.0001000
0.0232620 0.0001000 0.0001000 0.9764379 0.0001000
0.0113256 0.0056214 0.0001000 0.9828530 0.0001000
0.0075204 0.0023514 0.0001000 0.9899282 0.0001000
0.0078842 0.0001000 0.0001000 0.9918158 0.0001000
0.0000999 0.0000999 0.0000999 0.9981588 0.0015413
0.0001000 0.0001000 0.0001000 0.9967735 0.0029265
0.0001000 0.0001997 0.0001000 0.9994606 0.0001398
0.0001000 0.0001000 0.0001000 0.9978485 0.0018517
0.0001000 0.0001385 0.0001000 0.9995616 0.0001000
0.0000999 0.0000999 0.0000999 0.9985278 0.0011724
0.0000999 0.0000999 0.0000999 0.9977747 0.0019255
0.0000999 0.0013627 0.0000999 0.9983375 0.0000999
0.0000999 0.0000999 0.0000999 0.9980355 0.0016647
