0.1297918 0.0000999 0.8701082
0.1118070 0.0000996 0.8880934
0.0773856 0.0000996 0.9225148
0.1586347 0.0000997 0.8412656
0.0511216 0.0000998 0.9487786
0.0574734 0.0000999 0.9424267
0.0501287 0.0000995 0.9497718
0.0436472 0.0000996 0.9562532
0.0374675 0.0000998 0.9624327
0.0364519 0.0023458 0.9612023
0.0158477 0.0075341 0.9766182
0.0001000 0.0035761 0.9963239
0.0352368 0.0000999 0.9646633
0.0394556 0.0019725 0.9585719
0.1835312 0.0000995 0.8163693
0.1659323 0.0000994 0.8339683
0.0660470 0.2493492 0.6846039
0.0529208 0.1996234 0.7474558
0.0002561 0.2037794 0.7959645
0.0000999 0.2265450 0.7733550
0.0000999 0.2492871 0.7506129
0.0000999 0.1895640 0.8103361
0.0000999 0.2328613 0.7670388
0.0391685 0.2117293 0.7491022
0.6579925 0.0000990 0.3419085
0.6951255 0.0000992 0.3047753
0.6490033 0.0000991 0.3508976
0.6903123 0.0010235 0.3086642
0.7136441 0.0000995 0.2862563
0.7642918 0.0000989 0.2356093
0.7304039 0.0000982 0.2694979
0.7398092 0.0000994 0.2600914
0.7315580 0.0000980 0.2683440
0.6202306 0.0428823 0.3368871
0.7327977 0.0060426 0.2611598
0.6908087 0.0000982 0.3090931
0.7057213 0.0000994 0.2941793
0.7176648 0.0000994 0.2822357
0.6834199 0.0000988 0.3164812
0.6959888 0.0000991 0.3039121
0.5661911 0.0352057 0.3986032
0.6859129 0.0264558 0.2876314
0.7928211 0.0000997 0.2070792
0.6323394 0.0366672 0.3309934
0.5666697 0.0236887 0.4096416
0.6628646 0.0015504 0.3355851
0.6814394 0.0256732 0.2928874
0.9127967 0.0053210 0.0818823
0.6391554 0.1952647 0.1655799
0.7154770 0.0521174 0.2324055
0.6805962 0.0992092 0.2201945
0.5827630 0.1457330 0.2715040
0.7533790 0.0840965 0.1625244
0.6299454 0.0795860 0.2904686
0.7877093 0.0595185 0.1527722
0.6351780 0.1427378 0.2220843
0.7487127 0.1300688 0.1212185
0.6878950 0.1173604 0.1947446
0.8708601 0.0000999 0.1290399
0.7103285 0.0829137 0.2067578
0.8672270 0.0000995 0.1326735
0.9132332 0.0122857 0.0744812
0.9150084 0.0137419 0.0712497
0.7929997 0.0302417 0.1767586
0.8441714 0.0520311 0.1037975
0.7620947 0.0362415 0.2016637
0.8352062 0.0759648 0.0888291
0.9104015 0.0028489 0.0867495
0.8971314 0.0670815 0.0357871
0.7316216 0.0028776 0.2655008
0.8341744 0.0694068 0.0964188
0.7071132 0.1491942 0.1436926
0.7116497 0.1363949 0.1519555
0.6599970 0.0685863 0.2714166
0.7589936 0.0717809 0.1692255
0.6810940 0.0852816 0.2336244
0.6869955 0.1131836 0.1998209
0.7023666 0.1724273 0.1252061
0.6666437 0.1145640 0.2187922
0.6595152 0.3254769 0.0150079
0.6566271 0.3432729 0.0001001
0.8201800 0.0926224 0.0871976
0.7473965 0.1086083 0.1439952
0.7553781 0.0739005 0.1707214
0.7642949 0.2011617 0.0345435
0.7764072 0.1251782 0.0984146
0.2973169 0.5412612 0.1614219
0.7684546 0.1214462 0.1100992
0.6889911 0.2341397 0.0768692
0.8625020 0.1373979 0.0001001
0.8602600 0.1396398 0.0001001
0.7900333 0.0851789 0.1247878
0.3974886 0.3916943 0.2108171
0.7885493 0.1186318 0.0928189
0.5189853 0.4363207 0.0446940
0.0141431 0.9857569 0.0001000
0.0032450 0.9966550 0.0001000
0.0104296 0.9894704 0.0001000
0.0066333 0.9878021 0.0055645
0.0139873 0.9859127 0.0001000
0.0194700 0.9804300 0.0001000
0.0137392 0.9861608 0.0001000
0.0060465 0.9930903 0.0008631
0.0028056 0.9949398 0.0022546
0.0001000 0.9998000 0.0001000
0.0001000 0.9998000 0.0001000
0.0001000 0.9998000 0.0001000
0.0001000 0.9998000 0.0001000
0.0001000 0.9998000 0.0001000
0.0001000 0.9998000 0.0001000
0.0001000 0.9998000 0.0001000
0.0001000 0.9998000 0.0001000
0.0001000 0.9998000 0.0001000
