0.1298032 0.0000999 0.8700968
0.1118133 0.0000996 0.8880871
0.0773855 0.0000996 0.9225149
0.1586451 0.0000997 0.8412551
0.0511374 0.0000998 0.9487627
0.0574862 0.0000999 0.9424139
0.0501448 0.0000995 0.9497557
0.0436562 0.0000996 0.9562442
0.0374721 0.0000998 0.9624281
0.0364577 0.0023466 0.9611958
0.0158616 0.0075343 0.9766040
0.0001000 0.0035777 0.9963223
0.0352533 0.0000999 0.9646468
0.0394680 0.0019730 0.9585590
0.1835401 0.0000995 0.8163604
0.1659390 0.0000994 0.8339617
0.0660549 0.2493476 0.6845976
0.0529288 0.1996241 0.7474471
0.0002553 0.2037794 0.7959653
0.0000999 0.2265461 0.7733539
0.0000999 0.2492879 0.7506122
0.0000999 0.1895649 0.8103351
0.0000999 0.2328617 0.7670383
0.0391723 0.2117289 0.7490987
0.6579949 0.0000990 0.3419061
0.6951238 0.0000992 0.3047770
0.6490095 0.0000991 0.3508914
0.6903159 0.0010250 0.3086591
0.7136428 0.0000995 0.2862577
0.7642920 0.0000990 0.2356091
0.7304065 0.0000982 0.2694953
0.7398063 0.0000994 0.2600943
0.7315608 0.0000980 0.2683412
0.6202474 0.0428798 0.3368728
0.7328062 0.0060419 0.2611519
0.6908117 0.0000982 0.3090901
0.7057245 0.0000994 0.2941761
0.7176726 0.0000994 0.2822279
0.6834232 0.0000988 0.3164780
0.6960005 0.0000991 0.3039005
0.5662045 0.0352057 0.3985898
0.6859232 0.0264550 0.2876218
0.7928205 0.0000997 0.2070798
0.6323439 0.0366661 0.3309900
0.5666806 0.0236861 0.4096333
0.6628580 0.0015534 0.3355886
0.6814419 0.0256747 0.2928833
0.9127961 0.0053204 0.0818835
0.6391600 0.1952643 0.1655757
0.7154836 0.0521177 0.2323987
0.6806029 0.0992097 0.2201874
0.5827668 0.1457317 0.2715016
0.7533838 0.0840953 0.1625209
0.6299549 0.0795851 0.2904601
0.7876989 0.0595203 0.1527808
0.6351904 0.1427339 0.2220757
0.7487258 0.1300671 0.1212070
0.6879062 0.1173593 0.1947345
0.8708587 0.0000999 0.1290413
0.7103274 0.0829146 0.2067579
0.8672242 0.0000995 0.1326763
0.9132383 0.0122854 0.0744762
0.9150090 0.0137423 0.0712487
0.7930082 0.0302381 0.1767537
0.8441777 0.0520293 0.1037930
0.7621028 0.0362413 0.2016560
0.8352026 0.0759630 0.0888343
0.9103948 0.0028519 0.0867533
0.8971227 0.0670846 0.0357927
0.7316296 0.0028767 0.2654937
0.8341743 0.0694059 0.0964198
0.7071116 0.1491942 0.1436943
0.7116588 0.1363936 0.1519476
0.6600034 0.0685873 0.2714093
0.7590047 0.0717798 0.1692154
0.6810936 0.0852829 0.2336234
0.6869992 0.1131837 0.1998171
0.7023628 0.1724278 0.1252094
0.6666415 0.1145632 0.2187953
0.6595309 0.3254767 0.0149924
0.6566321 0.3432679 0.0001001
0.8201859 0.0926202 0.0871938
0.7473970 0.1086092 0.1439938
0.7553824 0.0738995 0.1707182
0.7642995 0.2011615 0.0345390
0.7764090 0.1251784 0.0984126
0.2973166 0.5412585 0.1614248
0.7684594 0.1214461 0.1100945
0.6890011 0.2341374 0.0768614
0.8625022 0.1373976 0.0001001
0.8602613 0.1396385 0.0001001
0.7900352 0.0851797 0.1247851
0.3974881 0.3916932 0.2108186
0.7885467 0.1186323 0.0928210
0.5189781 0.4363227 0.0446992
0.0141394 0.9857605 0.0001000
0.0032377 0.9966623 0.0001000
0.0104279 0.9894720 0.0001000
0.0066405 0.9877995 0.0055600
0.0139977 0.9859023 0.0001000
0.0194860 0.9804140 0.0001000
0.0137690 0.9861310 0.0001000
0.0060373 0.9930970 0.0008657
0.0028027 0.9949382 0.0022591
0.0001000 0.9998000 0.0001000
0.0001000 0.9998000 0.0001000
0.0001000 0.9998000 0.0001000
0.0001000 0.9998000 0.0001000
0.0001000 0.9998000 0.0001000
0.0001000 0.9998000 0.0001000
0.0001000 0.9998000 0.0001000
0.0001000 0.9998000 0.0001000
0.0001000 0.9998000 0.0001000
