0.8523624 0.1383651 0.1016332 0.1263041 0.1023190 0.0996936 0.1041222 0.1063857 0.0999127 0.0972443 0.0925860 0.1019110 0.0957783 0.0939216 0.0995715 0.0995843 -0.0024589 0.0162006 0.0137649 0.0062076 0.0019302 0.0247178 0.0033430 0.0147733 0.0763275 0.0748611 0.0750635 0.0637753 0.0697110 0.0718779 0.0805314 0.0691003 0.0805924 0.0625269 0.0656645 0.0807451 0.0716727 0.0721520 0.0768614 0.0725408 0.0543743 0.0574922 0.0661507 0.0535113 0.0628100 0.0682557 0.0595719 0.0606707 -0.0038330 0.0467333 0.0290556 0.0151244 0.0300446 0.0384892 0.0382041 0.0174447 0.0168849 0.0215339 0.0629279 0.0345187 0.0674041 0.0548259 0.0544345 0.0545642 0.0384176 0.0528086 0.0326295 0.0609315 0.0334965 0.0644696 0.0343977 0.0093727 0.0135608 0.0419115 0.0350316 0.0318590 0.0257323 0.0030248 0.0222642 -0.0530059 -0.0591816 0.0266799 0.0231348 0.0353016 -0.0096432 0.0126511 -0.1220075 0.0182734 -0.0198864 0.0042398 0.0045746 0.0306694 -0.0659026 0.0185761 -0.0923960 -0.2767710 -0.2812021 -0.2791484 -0.2783921 -0.2773536 -0.2760609 -0.2766153 -0.2791762 -0.2802963 -0.2835057 -0.2842882 -0.2834648 -0.2836180 -0.2848695 -0.2859257 -0.2839324 -0.2861245 -0.2839099
0.1383651 0.8591338 0.1041613 0.1356340 0.1034145 0.1057487 0.1089837 0.1078049 0.1018697 0.1004090 0.0978054 0.1026978 0.1040501 0.0989809 0.1018909 0.1034033 -0.0060778 0.0202086 0.0184355 0.0088835 -0.0023690 0.0238235 0.0051604 0.0099100 0.0776779 0.0764664 0.0783816 0.0668909 0.0727760 0.0750671 0.0825381 0.0740078 0.0801339 0.0648106 0.0663079 0.0825569 0.0726073 0.0762112 0.0802963 0.0763598 0.0576702 0.0590059 0.0676670 0.0579044 0.0641252 0.0704940 0.0564785 0.0588576 -0.0043039 0.0518677 0.0293667 0.0145828 0.0312629 0.0379232 0.0394060 0.0175135 0.0148633 0.0235606 0.0648400 0.0365951 0.0668050 0.0576441 0.0576789 0.0554977 0.0427112 0.0544792 0.0369088 0.0591759 0.0333345 0.0661933 0.0350176 0.0090523 0.0140097 0.0417432 0.0362284 0.0371464 0.0237473 0.0017505 0.0248632 -0.0565009 -0.0605962 0.0268616 0.0231852 0.0337179 -0.0130367 0.0141182 -0.1249758 0.0214495 -0.0214137 0.0025734 0.0017913 0.0330457 -0.0689524 0.0225213 -0.0931964 -0.2856104 -0.2907862 -0.2874345 -0.2868111 -0.2864800 -0.2861055 -0.2850438 -0.2908495 -0.2899077 -0.2931156 -0.2913253 -0.2941171 -0.2922874 -0.2939312 -0.2938956 -0.2932963 -0.2954738 -0.2931321
0.1016332 0.1041613 0.8498302 0.1013493 0.1372280 0.1341744 0.1530273 0.1387020 0.1021015 0.1014017 0.0957175 0.1011567 0.1021077 0.0987083 0.1040089 0.1034042 -0.0014927 0.0152677 0.0193013 0.0034307 -0.0014554 0.0229628 0.0037724 0.0101693 0.0768309 0.0765040 0.0805220 0.0713431 0.0725506 0.0777990 0.0862641 0.0731160 0.0840629 0.0658124 0.0697972 0.0870903 0.0776151 0.0742991 0.0805101 0.0794204 0.0619553 0.0631247 0.0674970 0.0556044 0.0674560 0.0754186 0.0600551 0.0604963 -0.0070568 0.0472144 0.0334345 0.0138208 0.0330502 0.0389291 0.0402048 0.0181847 0.0193399 0.0224572 0.0622959 0.0356892 0.0684134 0.0564507 0.0580291 0.0514163 0.0389490 0.0493776 0.0353482 0.0603357 0.0343194 0.0638423 0.0349786 0.0110170 0.0142857 0.0441518 0.0394752 0.0346252 0.0240110 0.0006592 0.0244554 -0.0586724 -0.0660010 0.0288695 0.0266855 0.0347051 -0.0117559 0.0158657 -0.1246909 0.0140519 -0.0228243 0.0053266 0.0049784 0.0322212 -0.0714870 0.0205946 -0.0972205 -0.2892886 -0.2947029 -0.2920417 -0.2895109 -0.2888440 -0.2874680 -0.2892236 -0.2915167 -0.2938128 -0.2971561 -0.2962051 -0.2973649 -0.2964674 -0.2971305 -0.2988380 -0.2970320 -0.2992412 -0.2986450
0.1263041 0.1356340 0.1013493 0.8604702 0.0982022 0.1005681 0.1006864 0.1040070 0.0989470 0.0935047 0.0942474 0.0963304 0.0940915 0.0944751 0.0987054 0.0998505 -0.0017688 0.0167306 0.0165073 0.0043251 -0.0028979 0.0217077 0.0047168 0.0130071 0.0772829 0.0738534 0.0773008 0.0695154 0.0718357 0.0740231 0.0809872 0.0715313 0.0814429 0.0630015 0.0672647 0.0799076 0.0725914 0.0758713 0.0778245 0.0753090 0.0572831 0.0602405 0.0714490 0.0575690 0.0657639 0.0700645 0.0573619 0.0605918 -0.0029167 0.0494662 0.0333367 0.0140144 0.0310839 0.0386549 0.0422872 0.0172625 0.0182245 0.0247721 0.0644337 0.0383110 0.0652495 0.0555627 0.0569504 0.0555327 0.0429276 0.0504905 0.0328297 0.0621546 0.0334531 0.0667589 0.0352341 0.0127252 0.0130085 0.0425791 0.0380347 0.0340620 0.0250279 0.0038622 0.0242601 -0.0543345 -0.0589673 0.0277616 0.0276325 0.0370073 -0.0115435 0.0130684 -0.1231110 0.0193979 -0.0209953 0.0050783 0.0058661 0.0340384 -0.0672765 0.0206820 -0.0905340 -0.2795944 -0.2835539 -0.2800339 -0.2792574 -0.2801201 -0.2777537 -0.2789054 -0.2824079 -0.2831490 -0.2873811 -0.2855331 -0.2866831 -0.2864183 -0.2865373 -0.2873431 -0.2853557 -0.2890760 -0.2851880
0.1023190 0.1034145 0.1372280 0.0982022 0.8548367 0.1437920 0.1493294 0.1432879 0.0992435 0.0975195 0.0934076 0.0994148 0.0983623 0.0960957 0.1000323 0.1026640 -0.0054311 0.0178008 0.0151675 0.0052368 -0.0016959 0.0229623 0.0050496 0.0112718 0.0794761 0.0760915 0.0799707 0.0687290 0.0726687 0.0760906 0.0857540 0.0735208 0.0834911 0.0653308 0.0657977 0.0859398 0.0745464 0.0759700 0.0826495 0.0765651 0.0635237 0.0624525 0.0673292 0.0569931 0.0666344 0.0716322 0.0612531 0.0581262 -0.0037650 0.0493730 0.0308352 0.0172850 0.0309233 0.0397675 0.0398777 0.0171107 0.0177716 0.0230972 0.0636990 0.0313001 0.0689996 0.0606922 0.0587145 0.0535167 0.0440131 0.0536040 0.0354799 0.0582902 0.0352028 0.0692407 0.0352587 0.0089689 0.0123508 0.0440970 0.0398863 0.0359250 0.0238602 0.0004583 0.0243005 -0.0577878 -0.0657830 0.0288005 0.0238898 0.0342656 -0.0095142 0.0168658 -0.1246819 0.0165069 -0.0201499 0.0062952 0.0062516 0.0341023 -0.0701521 0.0178968 -0.0927611 -0.2883030 -0.2920150 -0.2887385 -0.2872485 -0.2873044 -0.2856654 -0.2869798 -0.2893129 -0.2901714 -0.2942095 -0.2947804 -0.2951310 -0.2944764 -0.2958649 -0.2961706 -0.2945286 -0.2978421 -0.2945771
0.0996936 0.1057487 0.1341744 0.1005681 0.1437920 0.8559429 0.1463328 0.1407046 0.1004216 0.0991576 0.0944699 0.1025525 0.0986079 0.0973174 0.1018179 0.1037828 -0.0033658 0.0156541 0.0174208 0.0052198 -0.0021252 0.0220369 0.0037969 0.0105422 0.0803379 0.0784350 0.0798828 0.0690734 0.0747476 0.0783552 0.0818850 0.0721841 0.0852545 0.0650007 0.0648774 0.0829318 0.0706798 0.0714979 0.0759356 0.0764200 0.0611038 0.0610162 0.0700719 0.0555189 0.0668283 0.0713764 0.0603308 0.0569869 -0.0050400 0.0465433 0.0277145 0.0165810 0.0308044 0.0395373 0.0377835 0.0191488 0.0134810 0.0213261 0.0608166 0.0325320 0.0677121 0.0558967 0.0564699 0.0547567 0.0419321 0.0535442 0.0345115 0.0566984 0.0370155 0.0675435 0.0319120 0.0085931 0.0119978 0.0425396 0.0380001 0.0343510 0.0245983 -0.0017974 0.0246887 -0.0573954 -0.0666644 0.0286095 0.0265381 0.0350891 -0.0124062 0.0188797 -0.1244031 0.0147709 -0.0208296 0.0024869 0.0013384 0.0330216 -0.0688367 0.0164594 -0.0922274 -0.2871619 -0.2903915 -0.2894634 -0.2871918 -0.2865695 -0.2852837 -0.2866149 -0.2902158 -0.2890688 -0.2956586 -0.2930051 -0.2939346 -0.2950566 -0.2958892 -0.2948482 -0.2930617 -0.2949775 -0.2956689
0.1041222 0.1089837 0.1530273 0.1006864 0.1493294 0.1463328 0.8553866 0.1543533 0.1036061 0.1031459 0.0977635 0.1058253 0.1024956 0.1038225 0.1024380 0.1066681 -0.0057240 0.0175288 0.0195470 0.0089535 -0.0013415 0.0228997 0.0049155 0.0072975 0.0795791 0.0783829 0.0806997 0.0711949 0.0741533 0.0797563 0.0852409 0.0753227 0.0858306 0.0673493 0.0698870 0.0866708 0.0727727 0.0767988 0.0819864 0.0820196 0.0625804 0.0607890 0.0692484 0.0571518 0.0660341 0.0717950 0.0606988 0.0584658 -0.0046990 0.0482756 0.0309439 0.0150978 0.0306408 0.0401821 0.0374462 0.0184038 0.0188103 0.0216246 0.0613871 0.0291317 0.0667113 0.0593097 0.0583180 0.0555993 0.0447319 0.0555207 0.0382023 0.0592308 0.0355032 0.0700727 0.0338486 0.0093173 0.0122042 0.0441902 0.0401718 0.0361222 0.0244720 0.0008850 0.0239392 -0.0590724 -0.0668038 0.0285118 0.0268477 0.0330852 -0.0116689 0.0164680 -0.1296404 0.0142797 -0.0220797 0.0045838 0.0043543 0.0313774 -0.0727751 0.0161926 -0.0988213 -0.2953907 -0.3008156 -0.2974476 -0.2971408 -0.2963510 -0.2933425 -0.2965837 -0.2994005 -0.2990026 -0.3039048 -0.3022313 -0.3047494 -0.3023403 -0.3047766 -0.3045129 -0.3039827 -0.3026739 -0.3038029
0.1063857 0.1078049 0.1387020 0.1040070 0.1432879 0.1407046 0.1543533 0.8572649 0.1046357 0.1002617 0.0974436 0.1069291 0.1003661 0.1020130 0.1046669 0.1049009 -0.0041426 0.0151336 0.0206291 0.0067121 -0.0010370 0.0248567 0.0049152 0.0074221 0.0802664 0.0800478 0.0803108 0.0707063 0.0743186 0.0772633 0.0852496 0.0753476 0.0871557 0.0669789 0.0683436 0.0872199 0.0750767 0.0770588 0.0821492 0.0798716 0.0638474 0.0615934 0.0706949 0.0583073 0.0649835 0.0745448 0.0600320 0.0602924 -0.0049337 0.0493472 0.0287790 0.0195336 0.0307697 0.0414797 0.0414593 0.0177823 0.0181467 0.0196490 0.0609161 0.0337976 0.0697697 0.0586587 0.0588748 0.0531191 0.0427625 0.0550416 0.0358347 0.0600959 0.0376878 0.0682051 0.0357861 0.0116117 0.0128260 0.0467941 0.0394019 0.0370665 0.0260646 0.0004622 0.0251055 -0.0582003 -0.0659175 0.0281660 0.0273742 0.0359221 -0.0081585 0.0169963 -0.1276631 0.0195726 -0.0216787 0.0053296 0.0046768 0.0335720 -0.0712818 0.0202493 -0.0941301 -0.2943477 -0.2988212 -0.2956332 -0.2942757 -0.2947405 -0.2929183 -0.2944638 -0.2978746 -0.2984789 -0.3020364 -0.3017043 -0.3014114 -0.3021115 -0.3027633 -0.3036776 -0.3013168 -0.3037830 -0.3022750
0.0999127 0.1018697 0.1021015 0.0989470 0.0992435 0.1004216 0.1036061 0.1046357 0.8579212 0.1310316 0.1333998 0.1324624 0.1341878 0.1287758 0.1065960 0.1086427 -0.0047349 0.0169129 0.0169185 0.0098381 -0.0025272 0.0216634 0.0065028 0.0108636 0.0803642 0.0755418 0.0788793 0.0711374 0.0738965 0.0778381 0.0833875 0.0756665 0.0844997 0.0656481 0.0659771 0.0841373 0.0732900 0.0748980 0.0780554 0.0771875 0.0607135 0.0561993 0.0674525 0.0617005 0.0688306 0.0722235 0.0633929 0.0612315 -0.0046225 0.0486871 0.0329056 0.0114232 0.0300003 0.0400278 0.0448946 0.0190384 0.0161033 0.0252899 0.0617436 0.0347477 0.0668878 0.0579922 0.0590583 0.0533671 0.0420560 0.0560231 0.0370716 0.0612196 0.0368231 0.0692471 0.0358889 0.0107714 0.0180575 0.0423488 0.0377660 0.0340185 0.0202786 0.0018454 0.0253422 -0.0566883 -0.0603095 0.0298729 0.0211411 0.0376013 -0.0128359 0.0148973 -0.1219873 0.0201107 -0.0211630 0.0000217 0.0004791 0.0354096 -0.0721564 0.0201920 -0.0945883 -0.2905473 -0.2941633 -0.2904763 -0.2898751 -0.2890819 -0.2886836 -0.2899022 -0.2929329 -0.2938006 -0.2969179 -0.2968555 -0.2958310 -0.2969941 -0.2980372 -0.2974339 -0.2978869 -0.3006284 -0.2969185
0.0972443 0.1004090 0.1014017 0.0935047 0.0975195 0.0991576 0.1031459 0.1002617 0.1310316 0.8538002 0.1218425 0.1298465 0.1427765 0.1280417 0.0997058 0.1036613 -0.0061829 0.0160059 0.0134297 0.0094758 -0.0022794 0.0203574 0.0049959 0.0123759 0.0765182 0.0742751 0.0753458 0.0696803 0.0715374 0.0734925 0.0799115 0.0716248 0.0826825 0.0636194 0.0662089 0.0833424 0.0684934 0.0716808 0.0787093 0.0771030 0.0570005 0.0569994 0.0668431 0.0597931 0.0649286 0.0683832 0.0589969 0.0601384 -0.0067578 0.0479517 0.0305342 0.0163135 0.0303718 0.0410896 0.0380751 0.0187416 0.0160452 0.0215977 0.0598506 0.0332113 0.0657229 0.0560680 0.0551188 0.0497944 0.0425124 0.0527865 0.0344427 0.0595733 0.0337918 0.0635134 0.0323228 0.0101559 0.0157790 0.0399898 0.0355902 0.0335118 0.0208481 0.0011287 0.0243608 -0.0545104 -0.0630131 0.0280019 0.0234499 0.0361367 -0.0136183 0.0165750 -0.1212689 0.0153236 -0.0215961 0.0017578 0.0026913 0.0323253 -0.0695094 0.0170158 -0.0902595 -0.2828652 -0.2859017 -0.2848674 -0.2817606 -0.2809986 -0.2796004 -0.2822731 -0.2838632 -0.2853094 -0.2888695 -0.2888675 -0.2891402 -0.2879831 -0.2898067 -0.2904000 -0.2887623 -0.2908055 -0.2896976
0.0925860 0.0978054 0.0957175 0.0942474 0.0934076 0.0944699 0.0977635 0.0974436 0.1333998 0.1218425 0.8672631 0.1342265 0.1276138 0.1236156 0.1018347 0.1013245 -0.0038956 0.0163558 0.0181567 0.0061829 -0.0015205 0.0198460 0.0049724 0.0094179 0.0749836 0.0731002 0.0756427 0.0697471 0.0730986 0.0737212 0.0814589 0.0701959 0.0811106 0.0628053 0.0650093 0.0828431 0.0724469 0.0724599 0.0779456 0.0740987 0.0590272 0.0584271 0.0680653 0.0586635 0.0647327 0.0705609 0.0589210 0.0591609 -0.0043958 0.0463113 0.0333080 0.0134937 0.0309465 0.0374592 0.0411636 0.0179313 0.0169715 0.0247854 0.0636674 0.0365495 0.0651705 0.0555166 0.0559280 0.0524843 0.0411081 0.0533734 0.0356700 0.0592100 0.0346509 0.0628984 0.0335840 0.0090408 0.0160522 0.0415106 0.0385667 0.0334098 0.0217815 0.0033491 0.0216533 -0.0536301 -0.0596138 0.0279223 0.0253417 0.0355320 -0.0127263 0.0141188 -0.1192261 0.0187494 -0.0225225 0.0044802 0.0051809 0.0354464 -0.0705996 0.0212978 -0.0910828 -0.2779889 -0.2830864 -0.2802315 -0.2777731 -0.2785005 -0.2771616 -0.2784557 -0.2813852 -0.2815812 -0.2838567 -0.2851362 -0.2855994 -0.2855255 -0.2873932 -0.2867970 -0.2878115 -0.2897740 -0.2861035
0.1019110 0.1026978 0.1011567 0.0963304 0.0994148 0.1025525 0.1058253 0.1069291 0.1324624 0.1298465 0.1342265 0.8631530 0.1343804 0.1297680 0.1008418 0.1073934 -0.0057489 0.0178106 0.0170013 0.0077231 -0.0036837 0.0224800 0.0058361 0.0091110 0.0755882 0.0724958 0.0770858 0.0694006 0.0719579 0.0730969 0.0809056 0.0717899 0.0819853 0.0642201 0.0690362 0.0858458 0.0730182 0.0717628 0.0787133 0.0750332 0.0605666 0.0574472 0.0701164 0.0582587 0.0673910 0.0692298 0.0617015 0.0583978 -0.0079356 0.0457897 0.0309150 0.0136175 0.0321535 0.0409203 0.0404239 0.0158844 0.0168540 0.0272301 0.0612330 0.0323313 0.0639105 0.0553007 0.0562328 0.0507521 0.0423897 0.0522971 0.0367127 0.0588735 0.0349960 0.0669047 0.0355901 0.0082237 0.0153880 0.0390318 0.0355316 0.0350322 0.0212653 -0.0009294 0.0243131 -0.0537877 -0.0617000 0.0272794 0.0237880 0.0328157 -0.0158235 0.0146808 -0.1198487 0.0161065 -0.0223775 0.0023159 0.0024908 0.0309623 -0.0684645 0.0157945 -0.0936920 -0.2857505 -0.2887246 -0.2859846 -0.2848387 -0.2849638 -0.2841387 -0.2850351 -0.2867083 -0.2896057 -0.2905769 -0.2906624 -0.2914574 -0.2919544 -0.2921283 -0.2923836 -0.2927295 -0.2945503 -0.2929535
0.0957783 0.1040501 0.1021077 0.0940915 0.0983623 0.0986079 0.1024956 0.1003661 0.1341878 0.1427765 0.1276138 0.1343804 0.8611298 0.1358372 0.1032940 0.1046714 -0.0081734 0.0170970 0.0167892 0.0069075 -0.0030786 0.0225451 0.0048390 0.0095936 0.0765174 0.0746420 0.0803038 0.0695103 0.0734421 0.0754028 0.0822868 0.0733500 0.0849343 0.0651989 0.0643007 0.0839782 0.0741160 0.0757507 0.0808287 0.0755798 0.0583787 0.0572780 0.0695653 0.0625946 0.0662181 0.0711592 0.0630423 0.0579304 -0.0056822 0.0492223 0.0281498 0.0175644 0.0341753 0.0365642 0.0421223 0.0171328 0.0157113 0.0243403 0.0638156 0.0334751 0.0690286 0.0564933 0.0574064 0.0505430 0.0453651 0.0543075 0.0346292 0.0588261 0.0347121 0.0662695 0.0340491 0.0109278 0.0132136 0.0432706 0.0374214 0.0357499 0.0221171 0.0025661 0.0249519 -0.0583926 -0.0636057 0.0268139 0.0217436 0.0366121 -0.0145307 0.0140846 -0.1239159 0.0163952 -0.0223445 0.0011441 0.0021857 0.0333421 -0.0731624 0.0190748 -0.0951032 -0.2882198 -0.2928232 -0.2898654 -0.2862808 -0.2864788 -0.2861395 -0.2881995 -0.2904403 -0.2916217 -0.2946148 -0.2953760 -0.2943253 -0.2958217 -0.2970812 -0.2968949 -0.2950754 -0.2986334 -0.2961763
0.0939216 0.0989809 0.0987083 0.0944751 0.0960957 0.0973174 0.1038225 0.1020130 0.1287758 0.1280417 0.1236156 0.1297680 0.1358372 0.8631915 0.1034520 0.0983967 -0.0022528 0.0178406 0.0190065 0.0053733 -0.0018998 0.0232129 0.0040445 0.0117485 0.0779401 0.0699873 0.0747811 0.0695838 0.0734566 0.0724029 0.0787153 0.0713426 0.0788129 0.0637248 0.0653845 0.0834014 0.0729071 0.0718262 0.0772589 0.0772914 0.0573721 0.0585977 0.0696395 0.0589925 0.0646919 0.0705469 0.0607142 0.0607544 -0.0054398 0.0470626 0.0302296 0.0146064 0.0300304 0.0369010 0.0408313 0.0189117 0.0143283 0.0237061 0.0629163 0.0340486 0.0669047 0.0552849 0.0558708 0.0523002 0.0425671 0.0517320 0.0335435 0.0609201 0.0349147 0.0641651 0.0328415 0.0076941 0.0145162 0.0419703 0.0384077 0.0370635 0.0242232 0.0013683 0.0231351 -0.0564983 -0.0618037 0.0254878 0.0227821 0.0345751 -0.0146539 0.0147134 -0.1213565 0.0157515 -0.0223229 0.0028852 0.0033515 0.0341017 -0.0719390 0.0237917 -0.0938177 -0.2830259 -0.2869504 -0.2843258 -0.2833660 -0.2829838 -0.2807861 -0.2835398 -0.2852931 -0.2867171 -0.2889548 -0.2894592 -0.2900381 -0.2887255 -0.2916981 -0.2918915 -0.2900510 -0.2917635 -0.2917398
0.0995715 0.1018909 0.1040089 0.0987054 0.1000323 0.1018179 0.1024380 0.1046669 0.1065960 0.0997058 0.1018347 0.1008418 0.1032940 0.1034520 0.8577081 0.1052571 -0.0015885 0.0163410 0.0171571 0.0044701 -0.0002127 0.0268826 0.0048632 0.0106252 0.0760677 0.0758984 0.0802425 0.0693935 0.0734971 0.0757399 0.0837986 0.0711227 0.0832568 0.0641938 0.0702060 0.0807396 0.0718633 0.0771489 0.0785504 0.0773814 0.0591905 0.0601412 0.0682686 0.0597044 0.0646042 0.0737030 0.0565703 0.0607823 -0.0046466 0.0484408 0.0338401 0.0158459 0.0321134 0.0421759 0.0437629 0.0161791 0.0188804 0.0286558 0.0643829 0.0370032 0.0673040 0.0573828 0.0555270 0.0499723 0.0431943 0.0513431 0.0360904 0.0613561 0.0343030 0.0663366 0.0356049 0.0129545 0.0168379 0.0408256 0.0372087 0.0338849 0.0222309 0.0019022 0.0254114 -0.0521252 -0.0597462 0.0308239 0.0293773 0.0376103 -0.0097727 0.0160701 -0.1216790 0.0186468 -0.0198182 0.0035385 0.0039449 0.0315739 -0.0656512 0.0188076 -0.0899113 -0.2808144 -0.2867882 -0.2854229 -0.2829191 -0.2821231 -0.2800684 -0.2840983 -0.2852024 -0.2855776 -0.2897983 -0.2890978 -0.2894670 -0.2892685 -0.2897461 -0.2912856 -0.2898959 -0.2915702 -0.2910150
0.0995843 0.1034033 0.1034042 0.0998505 0.1026640 0.1037828 0.1066681 0.1049009 0.1086427 0.1036613 0.1013245 0.1073934 0.1046714 0.0983967 0.1052571 0.8575904 -0.0069935 0.0163780 0.0158355 0.0088814 -0.0014626 0.0226501 0.0047455 0.0115642 0.0795045 0.0804321 0.0816407 0.0700568 0.0763688 0.0777131 0.0860353 0.0778047 0.0906300 0.0646797 0.0709978 0.0862341 0.0727383 0.0784798 0.0806033 0.0772965 0.0624604 0.0626391 0.0740992 0.0578835 0.0655580 0.0753504 0.0624179 0.0596704 -0.0022703 0.0483513 0.0342377 0.0157176 0.0330049 0.0432274 0.0427518 0.0163577 0.0175572 0.0281294 0.0644011 0.0374071 0.0705360 0.0585543 0.0581957 0.0530383 0.0456836 0.0562635 0.0374181 0.0610255 0.0342261 0.0673586 0.0390080 0.0111171 0.0179382 0.0451136 0.0372429 0.0399281 0.0246216 0.0018387 0.0260136 -0.0520649 -0.0600739 0.0307697 0.0252013 0.0351509 -0.0086625 0.0167542 -0.1228822 0.0196292 -0.0191619 0.0028231 0.0032605 0.0346820 -0.0488243 0.0174105 -0.0923084 -0.2865132 -0.2910827 -0.2888518 -0.2844503 -0.2863275 -0.2834275 -0.2865313 -0.2890033 -0.2906168 -0.2933167 -0.2937435 -0.2940904 -0.2938997 -0.2952654 -0.2960067 -0.2949234 -0.2961394 -0.2948201
-0.0024589 -0.0060778 -0.0014927 -0.0017688 -0.0054311 -0.0033658 -0.0057240 -0.0041426 -0.0047349 -0.0061829 -0.0038956 -0.0057489 -0.0081734 -0.0022528 -0.0015885 -0.0069935 0.9594408 0.0113381 0.0138417 0.0256731 0.0222092 0.0069352 0.0119606 0.0277195 -0.0108524 -0.0109474 -0.0118116 -0.0052723 -0.0125932 -0.0107902 -0.0141826 -0.0168997 -0.0153670 -0.0027021 -0.0043873 -0.0108635 -0.0066447 -0.0065406 -0.0105305 -0.0103773 -0.0026083 -0.0042028 -0.0140371 -0.0103074 -0.0118047 -0.0051345 -0.0033695 -0.0146805 0.0015338 -0.0119901 -0.0079150 -0.0037311 -0.0186917 -0.0046994 -0.0000611 -0.0112221 -0.0025100 -0.0108910 -0.0162506 -0.0087038 -0.0096772 -0.0159690 -0.0145942 -0.0112011 -0.0103740 -0.0098577 -0.0146949 -0.0142673 -0.0107978 -0.0116636 -0.0115316 -0.0060442 -0.0035640 -0.0071419 -0.0077038 -0.0129301 -0.0078219 -0.0129240 -0.0054994 -0.0025494 -0.0025103 -0.0075271 -0.0014270 -0.0079528 -0.0045439 -0.0111150 -0.0037980 -0.0058800 -0.0041134 -0.0210937 -0.0201123 -0.0191616 -0.0085506 -0.0027026 -0.0031624 0.0069999 0.0057889 0.0068669 0.0073016 0.0066970 0.0063710 0.0078794 0.0076122 0.0061423 0.0060970 0.0061143 0.0045651 0.0055306 0.0045301 0.0040671 0.0065104 -0.0001298 0.0041659
0.0162006 0.0202086 0.0152677 0.0167306 0.0178008 0.0156541 0.0175288 0.0151336 0.0169129 0.0160059 0.0163558 0.0178106 0.0170970 0.0178406 0.0163410 0.0163780 0.0113381 0.9295446 0.0268740 0.0227019 0.0142811 0.0186201 0.0171155 0.0192471 0.0078594 0.0006263 0.0043109 0.0035320 0.0082729 0.0029009 0.0036726 0.0013106 0.0045553 0.0099493 0.0015186 0.0037961 0.0057488 0.0052896 0.0049134 0.0021174 0.0068049 -0.0035451 0.0059923 0.0042583 0.0058735 0.0032689 0.0029267 0.0000292 -0.0089490 -0.0017787 0.0011646 -0.0136225 -0.0074389 0.0045765 -0.0067547 -0.0083263 -0.0043292 -0.0012569 -0.0001319 -0.0012684 0.0012300 -0.0039846 -0.0037809 -0.0000300 -0.0008325 -0.0020184 -0.0046600 -0.0005322 -0.0076312 0.0018054 -0.0046619 -0.0018444 -0.0025879 0.0018047 0.0009304 0.0078915 -0.0043042 -0.0033031 0.0025893 -0.0140826 -0.0169613 0.0013965 0.0024859 -0.0004439 -0.0033411 0.0023900 -0.0244424 -0.0057701 -0.0101605 -0.0107872 -0.0100556 -0.0008655 -0.0145564 -0.0079606 -0.0155097 -0.0484772 -0.0527168 -0.0504597 -0.0479721 -0.0494952 -0.0486468 -0.0509309 -0.0516222 -0.0495537 -0.0508460 -0.0527459 -0.0545851 -0.0553978 -0.0544695 -0.0536413 -0.0535994 -0.0575161 -0.0523903
0.0137649 0.0184355 0.0193013 0.0165073 0.0151675 0.0174208 0.0195470 0.0206291 0.0169185 0.0134297 0.0181567 0.0170013 0.0167892 0.0190065 0.0171571 0.0158355 0.0138417 0.0268740 0.9381504 0.0200175 0.0224817 0.0211738 0.0139145 0.0213845 0.0065990 0.0064893 0.0090470 0.0037400 0.0049061 0.0028068 0.0044870 0.0009690 0.0034641 0.0096691 -0.0028595 0.0091965 0.0037092 0.0038690 0.0046374 0.0078012 0.0041649 -0.0012468 0.0026038 0.0002355 0.0131717 0.0055747 0.0010015 0.0011312 -0.0039888 0.0019704 0.0000054 -0.0132999 -0.0014495 0.0030436 0.0002891 -0.0001623 -0.0080906 -0.0054775 -0.0014930 0.0016120 0.0004134 -0.0025426 -0.0010376 0.0055754 -0.0024119 -0.0017259 -0.0029134 0.0021173 -0.0100630 0.0026339 -0.0095877 -0.0115400 -0.0057194 0.0028273 -0.0008538 0.0002430 -0.0028615 -0.0092001 -0.0033315 -0.0118482 -0.0101739 -0.0053362 0.0054273 -0.0076556 -0.0086993 -0.0025380 -0.0288775 -0.0054539 -0.0220292 -0.0101808 -0.0109098 -0.0024457 -0.0184502 -0.0051167 -0.0243157 -0.0474526 -0.0512422 -0.0503389 -0.0485712 -0.0473299 -0.0475279 -0.0488843 -0.0492691 -0.0513900 -0.0491382 -0.0512385 -0.0538006 -0.0518672 -0.0521398 -0.0542459 -0.0512225 -0.0528676 -0.0543708
0.0062076 0.0088835 0.0034307 0.0043251 0.0052368 0.0052198 0.0089535 0.0067121 0.0098381 0.0094758 0.0061829 0.0077231 0.0069075 0.0053733 0.0044701 0.0088814 0.0256731 0.0227019 0.0200175 0.9607974 0.0143624 0.0258373 0.0307476 0.0187556 -0.0028775 -0.0046182 -0.0040525 -0.0046001 -0.0052275 -0.0067550 -0.0089925 -0.0082141 -0.0057358 0.0028826 -0.0055417 -0.0015159 0.0016175 -0.0049865 -0.0038437 -0.0061364 -0.0076758 -0.0094067 -0.0108194 -0.0068652 -0.0022715 -0.0080190 -0.0110416 -0.0020909 -0.0049062 -0.0028792 -0.0014642 -0.0047856 0.0006139 -0.0036375 -0.0063132 -0.0181099 -0.0072818 -0.0035491 -0.0070731 -0.0009478 -0.0071634 -0.0106979 -0.0100504 -0.0115531 -0.0037563 -0.0095865 -0.0057683 -0.0022673 -0.0155794 -0.0023801 -0.0111835 -0.0129692 -0.0079217 0.0071118 0.0002543 -0.0111726 -0.0100434 -0.0133422 -0.0088474 -0.0104368 -0.0232160 -0.0094769 -0.0172613 -0.0040614 -0.0166544 -0.0072874 -0.0101619 -0.0029325 -0.0067952 -0.0087022 -0.0083043 -0.0057427 -0.0060087 -0.0231752 -0.0089018 -0.0194251 -0.0228567 -0.0199655 -0.0185960 -0.0168751 -0.0195683 -0.0207900 -0.0172285 -0.0181865 -0.0194224 -0.0189554 -0.0210399 -0.0192466 -0.0217207 -0.0199646 -0.0204679 -0.0220017 -0.0240347
0.0019302 -0.0023690 -0.0014554 -0.0028979 -0.0016959 -0.0021252 -0.0013415 -0.0010370 -0.0025272 -0.0022794 -0.0015205 -0.0036837 -0.0030786 -0.0018998 -0.0002127 -0.0014626 0.0222092 0.0142811 0.0224817 0.0143624 0.9696404 0.0189208 0.0163555 0.0242051 -0.0111596 -0.0083111 -0.0043630 -0.0103573 -0.0111554 -0.0154767 -0.0090598 -0.0160926 -0.0157798 -0.0027240 -0.0138696 -0.0108029 -0.0160903 -0.0076623 -0.0111097 -0.0090424 -0.0047975 -0.0108180 -0.0132805 -0.0115167 -0.0084758 -0.0081458 -0.0095789 -0.0178636 -0.0022194 -0.0059310 -0.0115139 -0.0031108 -0.0079815 -0.0127899 -0.0151042 -0.0131740 -0.0104481 -0.0159391 -0.0176455 -0.0101386 -0.0136051 -0.0106596 -0.0117131 -0.0073388 -0.0112170 -0.0145782 -0.0122630 -0.0193828 -0.0150172 -0.0076107 -0.0100599 -0.0082082 -0.0076593 -0.0060571 -0.0058963 -0.0182497 -0.0097395 -0.0012884 -0.0130864 -0.0065588 -0.0074364 -0.0103368 -0.0098457 -0.0049885 -0.0109248 -0.0150744 0.0004459 -0.0065605 -0.0036769 -0.0147040 -0.0150174 -0.0052791 -0.0034969 -0.0029108 -0.0068487 0.0052437 0.0055483 0.0074471 0.0072859 0.0076503 0.0065606 0.0061541 0.0067377 0.0056167 0.0057062 0.0042022 0.0038044 0.0053070 0.0025772 0.0041613 0.0042971 0.0002836 0.0038636
0.0247178 0.0238235 0.0229628 0.0217077 0.0229623 0.0220369 0.0228997 0.0248567 0.0216634 0.0203574 0.0198460 0.0224800 0.0225451 0.0232129 0.0268826 0.0226501 0.0069352 0.0186201 0.0211738 0.0258373 0.0189208 0.9415614 0.0213478 0.0275295 0.0047194 0.0104389 0.0092493 0.0116974 0.0047039 0.0034388 0.0067972 0.0042651 0.0059970 0.0125625 0.0049012 0.0095294 0.0062648 0.0103043 0.0036316 0.0100280 0.0037908 -0.0009813 0.0046472 0.0039534 0.0085236 0.0037997 0.0015433 0.0043961 -0.0026825 -0.0001445 0.0052554 -0.0016980 0.0086995 0.0004503 -0.0025628 -0.0084868 -0.0089246 0.0025662 0.0066948 0.0056169 -0.0010113 0.0023247 0.0028888 0.0007577 -0.0051424 -0.0022161 -0.0050367 0.0044219 -0.0065863 0.0056541 -0.0096509 -0.0069072 -0.0047448 0.0064406 0.0023231 -0.0001985 -0.0005950 0.0010177 0.0109978 -0.0164054 -0.0237622 -0.0054304 -0.0077692 0.0051425 -0.0136328 -0.0007733 -0.0294076 -0.0028821 -0.0147849 -0.0050457 -0.0041164 -0.0011256 -0.0176137 -0.0079064 -0.0235806 -0.0630884 -0.0646471 -0.0642461 -0.0613583 -0.0617650 -0.0628089 -0.0606807 -0.0625010 -0.0641875 -0.0636572 -0.0633832 -0.0636609 -0.0627689 -0.0650660 -0.0632340 -0.0670244 -0.0666547 -0.0663702
0.0033430 0.0051604 0.0037724 0.0047168 0.0050496 0.0037969 0.0049155 0.0049152 0.0065028 0.0049959 0.0049724 0.0058361 0.0048390 0.0040445 0.0048632 0.0047455 0.0119606 0.0171155 0.0139145 0.0307476 0.0163555 0.0213478 0.9460896 0.0218846 -0.0041292 -0.0079364 -0.0070046 -0.0067847 -0.0067286 -0.0071641 -0.0029792 -0.0076714 -0.0063182 0.0014772 -0.0072912 -0.0073114 -0.0071618 -0.0054452 -0.0086389 -0.0060731 -0.0012787 -0.0070824 -0.0072507 -0.0049161 -0.0075523 -0.0036329 -0.0089295 -0.0063867 -0.0097174 -0.0040195 -0.0006759 -0.0041791 -0.0063860 -0.0056648 -0.0097679 -0.0098189 -0.0142189 0.0005692 -0.0052031 -0.0031205 -0.0109245 -0.0093984 -0.0077463 -0.0125568 -0.0105470 -0.0057211 -0.0113039 -0.0072006 -0.0129312 -0.0045673 -0.0161637 -0.0089752 -0.0114436 0.0021853 -0.0063308 -0.0124768 -0.0075789 -0.0116849 -0.0040737 -0.0049514 -0.0160192 -0.0060204 -0.0091766 -0.0004701 -0.0075434 -0.0063183 -0.0147102 0.0029531 -0.0044447 -0.0134570 -0.0127163 -0.0089808 -0.0100785 -0.0111513 -0.0069446 -0.0116970 -0.0121236 -0.0134927 -0.0081792 -0.0117785 -0.0089002 -0.0102707 -0.0104474 -0.0115422 -0.0110436 -0.0131767 -0.0140270 -0.0116442 -0.0125765 -0.0124403 -0.0139319 -0.0159786 -0.0110833
0.0147733 0.0099100 0.0101693 0.0130071 0.0112718 0.0105422 0.0072975 0.0074221 0.0108636 0.0123759 0.0094179 0.0091110 0.0095936 0.0117485 0.0106252 0.0115642 0.0277195 0.0192471 0.0213845 0.0187556 0.0242051 0.0275295 0.0218846 0.9425921 0.0038255 0.0077941 0.0004004 0.0052610 0.0007485 -0.0008525 -0.0001908 0.0015143 -0.0015670 0.0072244 -0.0047347 0.0035637 0.0029294 0.0058635 0.0035339 0.0002282 0.0048612 -0.0027383 -0.0025199 -0.0001221 0.0042644 0.0037005 0.0027050 -0.0056363 -0.0079001 -0.0017067 0.0027540 0.0003599 -0.0047167 -0.0018387 0.0025738 -0.0090472 -0.0053700 -0.0045381 -0.0028416 -0.0073574 0.0006470 -0.0024809 -0.0017830 -0.0064675 -0.0063565 -0.0071248 -0.0067511 -0.0054884 -0.0040158 0.0054657 -0.0050215 -0.0012786 -0.0019994 -0.0014391 -0.0013752 -0.0019228 0.0000998 -0.0016418 -0.0080536 -0.0131871 -0.0223076 -0.0074239 -0.0027022 -0.0025991 -0.0039530 -0.0078525 -0.0181210 -0.0084075 -0.0157007 -0.0042616 -0.0046388 -0.0069143 -0.0143533 -0.0070978 -0.0153198 -0.0396973 -0.0398701 -0.0411051 -0.0372594 -0.0367480 -0.0373376 -0.0366651 -0.0371612 -0.0380155 -0.0398703 -0.0398931 -0.0386797 -0.0427750 -0.0413987 -0.0404958 -0.0411040 -0.0429081 -0.0412742
0.0763275 0.0776779 0.0768309 0.0772829 0.0794761 0.0803379 0.0795791 0.0802664 0.0803642 0.0765182 0.0749836 0.0755882 0.0765174 0.0779401 0.0760677 0.0795045 -0.0108524 0.0078594 0.0065990 -0.0028775 -0.0111596 0.0047194 -0.0041292 0.0038255 0.8477594 0.0749547 0.0783421 0.0874641 0.0993745 0.1102079 0.1121033 0.0918679 0.0824333 0.0588410 0.0655141 0.0818348 0.0705759 0.0698878 0.0717723 0.0772820 0.0535424 0.0553741 0.0688095 0.0555104 0.0630799 0.0679408 0.0552470 0.0551901 -0.0041657 0.0401997 0.0264380 0.0175729 0.0280019 0.0379051 0.0345821 0.0222658 0.0204175 0.0227266 0.0612187 0.0339630 0.0603575 0.0504898 0.0506205 0.0545990 0.0438055 0.0533914 0.0367610 0.0566660 0.0427065 0.0652655 0.0388426 0.0137485 0.0140078 0.0377527 0.0359145 0.0397481 0.0234985 0.0070796 0.0206474 -0.0420543 -0.0560463 0.0293754 0.0308671 0.0394009 -0.0107083 0.0167549 -0.1115864 0.0232517 -0.0132980 0.0062294 0.0049545 0.0348576 -0.0658315 0.0223377 -0.0860544 -0.2617729 -0.2671966 -0.2624073 -0.2621301 -0.2611207 -0.2609337 -0.2602704 -0.2649396 -0.2646223 -0.2692562 -0.2682522 -0.2681518 -0.2707411 -0.2708599 -0.2711343 -0.2677894 -0.2716300 -0.2697373
0.0748611 0.0764664 0.0765040 0.0738534 0.0760915 0.0784350 0.0783829 0.0800478 0.0755418 0.0742751 0.0731002 0.0724958 0.0746420 0.0699873 0.0758984 0.0804321 -0.0109474 0.0006263 0.0064893 -0.0046182 -0.0083111 0.0104389 -0.0079364 0.0077941 0.0749547 0.8544971 0.1079499 0.0646318 0.0793920 0.0722807 0.0824930 0.0738419 0.0826070 0.0582163 0.0619772 0.0818736 0.0672379 0.0685464 0.0721617 0.0764079 0.0527290 0.0583954 0.0637073 0.0510299 0.0562728 0.0687390 0.0569074 0.0543640 -0.0001943 0.0476185 0.0310476 0.0163008 0.0381475 0.0436490 0.0467339 0.0165196 0.0214129 0.0260473 0.0620192 0.0367052 0.0722378 0.0573357 0.0568247 0.0528315 0.0436273 0.0504800 0.0321327 0.0547942 0.0358247 0.0631415 0.0352611 0.0131195 0.0203233 0.0413411 0.0413299 0.0332923 0.0263588 0.0037298 0.0269629 -0.0379183 -0.0504441 0.0344559 0.0264571 0.0409288 -0.0032501 0.0251347 -0.1178040 0.0225508 -0.0144974 0.0068448 0.0070811 0.0366144 -0.0594187 0.0191719 -0.0798235 -0.2546414 -0.2613596 -0.2588314 -0.2550762 -0.2569753 -0.2549083 -0.2586986 -0.2595921 -0.2596513 -0.2635658 -0.2626156 -0.2635897 -0.2635131 -0.2624050 -0.2668437 -0.2639390 -0.2643513 -0.2644061
0.0750635 0.0783816 0.0805220 0.0773008 0.0799707 0.0798828 0.0806997 0.0803108 0.0788793 0.0753458 0.0756427 0.0770858 0.0803038 0.0747811 0.0802425 0.0816407 -0.0118116 0.0043109 0.0090470 -0.0040525 -0.0043630 0.0092493 -0.0070046 0.0004004 0.0783421 0.1079499 0.8509198 0.0713122 0.0761137 0.0821701 0.0817667 0.0801380 0.0794460 0.0586781 0.0634588 0.0768007 0.0724565 0.0679238 0.0726429 0.0765260 0.0546083 0.0581198 0.0676641 0.0563499 0.0589488 0.0657881 0.0589095 0.0559459 -0.0030702 0.0447680 0.0248585 0.0197033 0.0324353 0.0362375 0.0400684 0.0153277 0.0200346 0.0291254 0.0614364 0.0418745 0.0681786 0.0567483 0.0561325 0.0592401 0.0494186 0.0478855 0.0362950 0.0558697 0.0387743 0.0669404 0.0432556 0.0137732 0.0131928 0.0409567 0.0417784 0.0380191 0.0232506 0.0037628 0.0255351 -0.0482694 -0.0543467 0.0350887 0.0286464 0.0372066 -0.0007691 0.0211777 -0.1109239 0.0203575 -0.0135146 0.0049216 0.0042806 0.0346002 -0.0606071 0.0250831 -0.0786499 -0.2610342 -0.2664936 -0.2629942 -0.2592105 -0.2616112 -0.2588139 -0.2615250 -0.2622495 -0.2642670 -0.2668918 -0.2663967 -0.2685871 -0.2680442 -0.2683329 -0.2696567 -0.2671089 -0.2697674 -0.2680929
0.0637753 0.0668909 0.0713431 0.0695154 0.0687290 0.0690734 0.0711949 0.0707063 0.0711374 0.0696803 0.0697471 0.0694006 0.0695103 0.0695838 0.0693935 0.0700568 -0.0052723 0.0035320 0.0037400 -0.0046001 -0.0103573 0.0116974 -0.0067847 0.0052610 0.0874641 0.0646318 0.0713122 0.8600088 0.0993192 0.0823215 0.0822118 0.0905658 0.0649500 0.0533475 0.0550333 0.0731682 0.0673751 0.0634436 0.0661034 0.0592666 0.0566305 0.0554797 0.0634740 0.0498652 0.0533546 0.0678159 0.0634403 0.0545848 -0.0060794 0.0373607 0.0318320 0.0180315 0.0342551 0.0433502 0.0367780 0.0113546 0.0207104 0.0208874 0.0575051 0.0289051 0.0612171 0.0523630 0.0529391 0.0501719 0.0399250 0.0452711 0.0260026 0.0550791 0.0363163 0.0614382 0.0317956 0.0157680 0.0230846 0.0321281 0.0336192 0.0317942 0.0202103 0.0015929 0.0180700 -0.0419065 -0.0490801 0.0276106 0.0257175 0.0332442 -0.0078006 0.0172961 -0.1029299 0.0188048 -0.0212929 0.0033961 0.0035269 0.0247704 -0.0639946 0.0174105 -0.0778220 -0.2385778 -0.2434130 -0.2423694 -0.2371190 -0.2370310 -0.2363154 -0.2388174 -0.2410258 -0.2431182 -0.2475484 -0.2443058 -0.2454946 -0.2464821 -0.2446438 -0.2479463 -0.2448760 -0.2482044 -0.2477760
0.0697110 0.0727760 0.0725506 0.0718357 0.0726687 0.0747476 0.0741533 0.0743186 0.0738965 0.0715374 0.0730986 0.0719579 0.0734421 0.0734566 0.0734971 0.0763688 -0.0125932 0.0082729 0.0049061 -0.0052275 -0.0111554 0.0047039 -0.0067286 0.0007485 0.0993745 0.0793920 0.0761137 0.0993192 0.8545843 0.0920886 0.0887967 0.0987231 0.0713604 0.0562109 0.0579262 0.0736771 0.0649308 0.0679478 0.0709578 0.0673491 0.0537673 0.0481939 0.0628199 0.0516817 0.0535177 0.0631153 0.0528653 0.0537896 0.0068445 0.0395647 0.0305770 0.0087676 0.0348316 0.0426003 0.0385160 0.0159251 0.0196998 0.0277453 0.0594911 0.0322776 0.0676384 0.0559321 0.0555700 0.0554352 0.0416195 0.0505105 0.0327061 0.0532233 0.0353782 0.0630765 0.0351938 0.0156174 0.0168230 0.0386288 0.0361918 0.0327554 0.0222707 0.0029910 0.0249455 -0.0403036 -0.0487664 0.0320313 0.0230493 0.0369514 -0.0082718 0.0133001 -0.1091334 0.0155173 -0.0155015 0.0075449 0.0077759 0.0293802 -0.0634352 0.0183027 -0.0793673 -0.2466903 -0.2537506 -0.2507967 -0.2484393 -0.2488338 -0.2474034 -0.2495278 -0.2525457 -0.2526456 -0.2553801 -0.2565935 -0.2551596 -0.2567953 -0.2565071 -0.2577590 -0.2565884 -0.2578897 -0.2574507
0.0718779 0.0750671 0.0777990 0.0740231 0.0760906 0.0783552 0.0797563 0.0772633 0.0778381 0.0734925 0.0737212 0.0730969 0.0754028 0.0724029 0.0757399 0.0777131 -0.0107902 0.0029009 0.0028068 -0.0067550 -0.0154767 0.0034388 -0.0071641 -0.0008525 0.1102079 0.0722807 0.0821701 0.0823215 0.0920886 0.8532414 0.1098863 0.0886740 0.0719029 0.0584239 0.0638807 0.0775047 0.0715675 0.0781001 0.0705505 0.0749508 0.0532071 0.0572193 0.0718988 0.0559957 0.0621673 0.0669800 0.0591656 0.0650473 -0.0004045 0.0398426 0.0264085 0.0183726 0.0340384 0.0401599 0.0466277 0.0168411 0.0174711 0.0251039 0.0597551 0.0324068 0.0700377 0.0589117 0.0597902 0.0591507 0.0425302 0.0524722 0.0353891 0.0657293 0.0431105 0.0699276 0.0398797 0.0133409 0.0208065 0.0352646 0.0328463 0.0449671 0.0206294 0.0056897 0.0246383 -0.0443840 -0.0513704 0.0358234 0.0296122 0.0369267 -0.0054265 0.0217359 -0.1143809 0.0215360 -0.0173218 0.0079256 0.0077290 0.0330567 -0.0629699 0.0213570 -0.0844670 -0.2590174 -0.2663086 -0.2621136 -0.2601151 -0.2604920 -0.2586378 -0.2603230 -0.2626887 -0.2629791 -0.2671883 -0.2669014 -0.2670260 -0.2664975 -0.2686930 -0.2678358 -0.2677085 -0.2697748 -0.2687051
0.0805314 0.0825381 0.0862641 0.0809872 0.0857540 0.0818850 0.0852409 0.0852496 0.0833875 0.0799115 0.0814589 0.0809056 0.0822868 0.0787153 0.0837986 0.0860353 -0.0141826 0.0036726 0.0044870 -0.0089925 -0.0090598 0.0067972 -0.0029792 -0.0001908 0.1121033 0.0824930 0.0817667 0.0822118 0.0887967 0.1098863 0.8521498 0.0910160 0.0831844 0.0631067 0.0675015 0.0870664 0.0776055 0.0802590 0.0810422 0.0814663 0.0616348 0.0600255 0.0754186 0.0587196 0.0651805 0.0783138 0.0617022 0.0659933 -0.0075012 0.0507816 0.0319688 0.0260676 0.0389818 0.0435518 0.0488974 0.0218368 0.0176701 0.0257130 0.0735791 0.0362463 0.0694705 0.0584269 0.0586528 0.0548701 0.0477082 0.0545651 0.0386780 0.0667801 0.0432667 0.0775012 0.0404442 0.0121038 0.0201067 0.0442898 0.0424778 0.0391715 0.0248614 0.0044110 0.0254759 -0.0454182 -0.0574521 0.0343264 0.0300697 0.0424695 -0.0089895 0.0209856 -0.1180472 0.0244598 -0.0159048 0.0106214 0.0104092 0.0371280 -0.0713487 0.0322075 -0.0908298 -0.2784911 -0.2845631 -0.2791321 -0.2784291 -0.2783554 -0.2762080 -0.2794100 -0.2809676 -0.2828062 -0.2851164 -0.2854586 -0.2852267 -0.2855025 -0.2866357 -0.2861179 -0.2868233 -0.2875058 -0.2859728
0.0691003 0.0740078 0.0731160 0.0715313 0.0735208 0.0721841 0.0753227 0.0753476 0.0756665 0.0716248 0.0701959 0.0717899 0.0733500 0.0713426 0.0711227 0.0778047 -0.0168997 0.0013106 0.0009690 -0.0082141 -0.0160926 0.0042651 -0.0076714 0.0015143 0.0918679 0.0738419 0.0801380 0.0905658 0.0987231 0.0886740 0.0910160 0.8518623 0.0769440 0.0557129 0.0561087 0.0795018 0.0685945 0.0668327 0.0724931 0.0662635 0.0503821 0.0540114 0.0631072 0.0510877 0.0555631 0.0670793 0.0571473 0.0544009 -0.0042127 0.0429214 0.0255009 0.0208778 0.0289795 0.0443033 0.0421964 0.0203691 0.0188052 0.0281115 0.0560750 0.0371616 0.0646473 0.0591511 0.0593361 0.0508030 0.0403697 0.0479221 0.0382260 0.0547733 0.0386594 0.0656422 0.0440871 0.0154432 0.0190762 0.0331041 0.0325567 0.0407595 0.0249607 0.0047984 0.0206302 -0.0397134 -0.0493159 0.0313010 0.0233905 0.0351707 -0.0058227 0.0175456 -0.1055786 0.0159054 -0.0124738 -0.0017882 -0.0012352 0.0291204 -0.0577580 0.0288670 -0.0787776 -0.2491791 -0.2538870 -0.2499634 -0.2485497 -0.2476154 -0.2474450 -0.2493075 -0.2513571 -0.2520357 -0.2545880 -0.2548736 -0.2564879 -0.2569394 -0.2576671 -0.2579002 -0.2569802 -0.2582541 -0.2563418
0.0805924 0.0801339 0.0840629 0.0814429 0.0834911 0.0852545 0.0858306 0.0871557 0.0844997 0.0826825 0.0811106 0.0819853 0.0849343 0.0788129 0.0832568 0.0906300 -0.0153670 0.0045553 0.0034641 -0.0057358 -0.0157798 0.0059970 -0.0063182 -0.0015670 0.0824333 0.0826070 0.0794460 0.0649500 0.0713604 0.0719029 0.0831844 0.0769440 0.8511250 0.0635072 0.0746379 0.0944753 0.0752918 0.0848845 0.0894454 0.0878777 0.0599608 0.0660276 0.0775150 0.0619242 0.0666806 0.0695192 0.0598927 0.0700182 0.0001238 0.0572744 0.0355440 0.0200321 0.0404016 0.0454017 0.0473974 0.0225338 0.0236375 0.0291725 0.0742900 0.0381727 0.0735311 0.0634502 0.0623670 0.0624042 0.0520803 0.0585851 0.0435255 0.0687126 0.0442593 0.0722998 0.0437796 0.0177725 0.0185886 0.0494407 0.0433454 0.0413537 0.0300592 0.0086336 0.0276923 -0.0421756 -0.0523102 0.0357465 0.0306006 0.0423131 -0.0038789 0.0293721 -0.1218522 0.0296968 -0.0112960 0.0096370 0.0092086 0.0376741 -0.0690884 0.0211975 -0.0789118 -0.2825053 -0.2848537 -0.2835397 -0.2821151 -0.2815454 -0.2795956 -0.2815368 -0.2848567 -0.2854717 -0.2898729 -0.2888986 -0.2897127 -0.2896225 -0.2905637 -0.2908038 -0.2885639 -0.2897969 -0.2901376
0.0625269 0.0648106 0.0658124 0.0630015 0.0653308 0.0650007 0.0673493 0.0669789 0.0656481 0.0636194 0.0628053 0.0642201 0.0651989 0.0637248 0.0641938 0.0646797 -0.0027021 0.0099493 0.0096691 0.0028826 -0.0027240 0.0125625 0.0014772 0.0072244 0.0588410 0.0582163 0.0586781 0.0533475 0.0562109 0.0584239 0.0631067 0.0557129 0.0635072 0.9223498 0.0515617 0.0630622 0.0559272 0.0563143 0.0594780 0.0584954 0.0457578 0.0463494 0.0543567 0.0438985 0.0485136 0.0535601 0.0470095 0.0495799 0.0022590 0.0389800 0.0278261 0.0158706 0.0301707 0.0327040 0.0357237 0.0163911 0.0181946 0.0219687 0.0518454 0.0304001 0.0548282 0.0475420 0.0474611 0.0437035 0.0374058 0.0424750 0.0310380 0.0503215 0.0324530 0.0522297 0.0326660 0.0137657 0.0166658 0.0355503 0.0336705 0.0308651 0.0229092 0.0078729 0.0233144 -0.0315513 -0.0370627 0.0273147 0.0239604 0.0327633 -0.0006572 0.0190428 -0.0836235 0.0206393 -0.0082573 0.0120315 0.0116303 0.0294548 -0.0459937 0.0201528 -0.0598631 -0.2003877 -0.2042464 -0.2018970 -0.2005067 -0.2002569 -0.1981823 -0.2003428 -0.2022795 -0.2035723 -0.2068267 -0.2058535 -0.2071968 -0.2066931 -0.2077726 -0.2084275 -0.2072450 -0.2090983 -0.2076496
