0.8778698 0.1782075 0.1445975 0.1654232 0.1497915 0.1437211 0.1478330 0.1533625 0.1473663 0.1441018 0.1453739 0.1525786 0.1425816 0.1412093 0.1347803 0.1369580 0.0306787 0.0530374 0.0549963 0.0504937 0.0458010 0.0702553 0.0487050 0.0532905 0.0687377 0.0641493 0.0682505 0.0525728 0.0566675 0.0537945 0.0655255 0.0504315 0.0672640 0.0565367 0.0527420 0.0693069 0.0610196 0.0605406 0.0688553 0.0633824 0.0522429 0.0442719 0.0496465 0.0491209 0.0642095 0.0580597 0.0481904 0.0361018 -0.0136227 0.0361057 0.0189247 0.0069555 0.0166823 0.0305215 0.0194070 0.0086323 -0.0024687 0.0072153 0.0378174 0.0199576 0.0376637 0.0203066 0.0188272 0.0396356 0.0174021 0.0356999 0.0080990 0.0371624 0.0044191 0.0517396 0.0113906 -0.0093061 -0.0020859 0.0337173 0.0175596 0.0185674 0.0113996 -0.0103856 0.0115009 -0.0712432 -0.0816250 -0.0006426 0.0050963 0.0174716 -0.0325442 -0.0077132 -0.1229175 -0.0001535 -0.0357859 -0.0162787 -0.0165817 0.0130310 -0.0679461 -0.0028871 -0.1036805 -0.2738705 -0.2769133 -0.2759404 -0.2737657 -0.2734063 -0.2726724 -0.2731335 -0.2741905 -0.2756027 -0.2773274 -0.2795462 -0.2783839 -0.2783166 -0.2792880 -0.2797071 -0.2784761 -0.2821020 -0.2780623
0.1782075 0.8849309 0.1474362 0.1749841 0.1516136 0.1503048 0.1528550 0.1554613 0.1500054 0.1480727 0.1512242 0.1543763 0.1511037 0.1462345 0.1377238 0.1418193 0.0275791 0.0568296 0.0597459 0.0534168 0.0423502 0.0691188 0.0511756 0.0483518 0.0705653 0.0659070 0.0718651 0.0561225 0.0601137 0.0573115 0.0680504 0.0559189 0.0670317 0.0583332 0.0533067 0.0713897 0.0619905 0.0643150 0.0723449 0.0671800 0.0560266 0.0464703 0.0506766 0.0533608 0.0655303 0.0608786 0.0458183 0.0326722 -0.0147122 0.0406850 0.0190225 0.0069695 0.0172757 0.0302051 0.0204662 0.0085381 -0.0044440 0.0091489 0.0400115 0.0222031 0.0376106 0.0239569 0.0228224 0.0398670 0.0207994 0.0373627 0.0119820 0.0343717 0.0043087 0.0533737 0.0122884 -0.0090713 -0.0016485 0.0334190 0.0185519 0.0245213 0.0097202 -0.0125727 0.0140035 -0.0751866 -0.0830009 -0.0001612 0.0051641 0.0160269 -0.0361225 -0.0059600 -0.1253771 0.0027236 -0.0376966 -0.0215293 -0.0229662 0.0143124 -0.0706101 0.0009638 -0.1050483 -0.2822382 -0.2862074 -0.2838865 -0.2817848 -0.2823280 -0.2823876 -0.2813934 -0.2857278 -0.2850044 -0.2867078 -0.2863897 -0.2889000 -0.2867338 -0.2880045 -0.2874420 -0.2876056 -0.2912104 -0.2872497
0.1445975 0.1474362 0.8803754 0.1441316 0.1895184 0.1829201 0.2009332 0.1907903 0.1539928 0.1527855 0.1541169 0.1570479 0.1532392 0.1503521 0.1425197 0.1445997 0.0352703 0.0556858 0.0645843 0.0517750 0.0473243 0.0723333 0.0537548 0.0523048 0.0688371 0.0648290 0.0730527 0.0595588 0.0587813 0.0582329 0.0701362 0.0537271 0.0692503 0.0586146 0.0554072 0.0747052 0.0659214 0.0611155 0.0714015 0.0692723 0.0602148 0.0495313 0.0487645 0.0505964 0.0687432 0.0650583 0.0483934 0.0317107 -0.0186958 0.0347786 0.0217257 0.0057911 0.0174602 0.0304973 0.0195134 0.0080627 -0.0020594 0.0067325 0.0352915 0.0203034 0.0371007 0.0203792 0.0203188 0.0340155 0.0146766 0.0305691 0.0077700 0.0328223 0.0021640 0.0496385 0.0101993 -0.0087121 -0.0029133 0.0347835 0.0202053 0.0206567 0.0088975 -0.0149300 0.0126689 -0.0789882 -0.0903377 -0.0003627 0.0066155 0.0153789 -0.0374091 -0.0063176 -0.1246790 -0.0065569 -0.0405053 -0.0232069 -0.0240694 0.0113852 -0.0730969 -0.0027937 -0.1099833 -0.2847970 -0.2888892 -0.2876095 -0.2834373 -0.2834285 -0.2829311 -0.2845329 -0.2852643 -0.2876877 -0.2892457 -0.2899658 -0.2908701 -0.2896934 -0.2900390 -0.2909252 -0.2900954 -0.2940107 -0.2912760
0.1654232 0.1749841 0.1441316 0.8858802 0.1447504 0.1442633 0.1442858 0.1504869 0.1456508 0.1400610 0.1457881 0.1468234 0.1400859 0.1410203 0.1334548 0.1365579 0.0304532 0.0530980 0.0573817 0.0484666 0.0405138 0.0664084 0.0492223 0.0507054 0.0699746 0.0633900 0.0704965 0.0584581 0.0592374 0.0562441 0.0665057 0.0534018 0.0684047 0.0572737 0.0544901 0.0688820 0.0621317 0.0646780 0.0699741 0.0662495 0.0552551 0.0473688 0.0549644 0.0533944 0.0673714 0.0603263 0.0467073 0.0360243 -0.0127395 0.0389577 0.0233802 0.0060033 0.0180108 0.0308048 0.0235806 0.0087837 -0.0007904 0.0108421 0.0393948 0.0237802 0.0361015 0.0217446 0.0218373 0.0407582 0.0221455 0.0338147 0.0085744 0.0383153 0.0050448 0.0541414 0.0125133 -0.0057512 -0.0021093 0.0344166 0.0208164 0.0208473 0.0106305 -0.0094011 0.0135471 -0.0725241 -0.0814125 0.0010542 0.0099900 0.0192078 -0.0340128 -0.0070193 -0.1241163 0.0009773 -0.0367381 -0.0159079 -0.0157529 0.0164694 -0.0692934 -0.0002379 -0.1018815 -0.2767771 -0.2796607 -0.2771352 -0.2748774 -0.2765448 -0.2748236 -0.2757252 -0.2778308 -0.2785875 -0.2814592 -0.2810726 -0.2818233 -0.2814429 -0.2812503 -0.2812204 -0.2803139 -0.2851941 -0.2797996
0.1497915 0.1516136 0.1895184 0.1447504 0.8930513 0.1977414 0.2030713 0.2006151 0.1566526 0.1546147 0.1570946 0.1610952 0.1552146 0.1531678 0.1423623 0.1477685 0.0345561 0.0626873 0.0652997 0.0592203 0.0517488 0.0782317 0.0601230 0.0577242 0.0703057 0.0628481 0.0714524 0.0552101 0.0569858 0.0542674 0.0677685 0.0514832 0.0668871 0.0579147 0.0499702 0.0718567 0.0609917 0.0615103 0.0724345 0.0650355 0.0610387 0.0467039 0.0467906 0.0514655 0.0679259 0.0598448 0.0477742 0.0273896 -0.0163466 0.0358499 0.0179629 0.0079543 0.0138747 0.0299561 0.0165107 0.0061084 -0.0056636 0.0057304 0.0332185 0.0136770 0.0340335 0.0201658 0.0167007 0.0347817 0.0177094 0.0328033 0.0054892 0.0282713 0.0000317 0.0533271 0.0070872 -0.0134219 -0.0066489 0.0336152 0.0184165 0.0199782 0.0064428 -0.0165648 0.0109296 -0.0800184 -0.0923986 -0.0036497 0.0019469 0.0127598 -0.0375647 -0.0080560 -0.1250096 -0.0061668 -0.0399229 -0.0220345 -0.0225136 0.0116656 -0.0723230 -0.0083745 -0.1066599 -0.2832485 -0.2853685 -0.2835524 -0.2802759 -0.2812337 -0.2803442 -0.2814790 -0.2820773 -0.2826650 -0.2851906 -0.2876815 -0.2875243 -0.2867837 -0.2877486 -0.2870152 -0.2865988 -0.2916324 -0.2863609
0.1437211 0.1503048 0.1829201 0.1442633 0.1977414 0.8881389 0.1956771 0.1937934 0.1541123 0.1525478 0.1546448 0.1603540 0.1516005 0.1506392 0.1414974 0.1465461 0.0354621 0.0569460 0.0635349 0.0541606 0.0477694 0.0720501 0.0553686 0.0536553 0.0726714 0.0670303 0.0728821 0.0578207 0.0611000 0.0591490 0.0657858 0.0535100 0.0702488 0.0571589 0.0501470 0.0704433 0.0588610 0.0575294 0.0662952 0.0657723 0.0601786 0.0482596 0.0501566 0.0500193 0.0677832 0.0616269 0.0491177 0.0257248 -0.0178973 0.0326010 0.0150046 0.0091914 0.0135264 0.0314061 0.0164114 0.0083067 -0.0080284 0.0055745 0.0337768 0.0172478 0.0373355 0.0209543 0.0200532 0.0358669 0.0158990 0.0342612 0.0059228 0.0267577 0.0038828 0.0531618 0.0063038 -0.0110532 -0.0057266 0.0327647 0.0178632 0.0208934 0.0096817 -0.0191701 0.0124576 -0.0784228 -0.0915971 -0.0002147 0.0059176 0.0158632 -0.0387059 -0.0037472 -0.1238348 -0.0068263 -0.0399502 -0.0334887 -0.0349972 0.0102684 -0.0699566 -0.0078303 -0.1059404 -0.2821069 -0.2839872 -0.2841381 -0.2803716 -0.2805962 -0.2797918 -0.2812493 -0.2831392 -0.2821311 -0.2868794 -0.2860786 -0.2865354 -0.2873973 -0.2879605 -0.2860193 -0.2852510 -0.2889548 -0.2876777
0.1478330 0.1528550 0.2009332 0.1442858 0.2030713 0.1956771 0.8867261 0.2075698 0.1568603 0.1559074 0.1582688 0.1633037 0.1546174 0.1564028 0.1417523 0.1491262 0.0315349 0.0583479 0.0655879 0.0582669 0.0482286 0.0734482 0.0562957 0.0505085 0.0712247 0.0661475 0.0728742 0.0587385 0.0594466 0.0594888 0.0682564 0.0543364 0.0710183 0.0600595 0.0549457 0.0737455 0.0607459 0.0631637 0.0727943 0.0716506 0.0603049 0.0462214 0.0504389 0.0521407 0.0674095 0.0602871 0.0482252 0.0304480 -0.0160651 0.0360500 0.0194592 0.0061481 0.0155855 0.0311763 0.0159308 0.0084932 -0.0029418 0.0054899 0.0337975 0.0128836 0.0339019 0.0211886 0.0188389 0.0388168 0.0207655 0.0362572 0.0097331 0.0323690 0.0026052 0.0556910 0.0085277 -0.0116884 -0.0052308 0.0347613 0.0200345 0.0214023 0.0082745 -0.0142043 0.0119160 -0.0795017 -0.0913918 -0.0020914 0.0065048 0.0133333 -0.0375281 -0.0059646 -0.1301594 -0.0064118 -0.0399821 -0.0191367 -0.0202934 0.0110504 -0.0748653 -0.0078170 -0.1111823 -0.2911689 -0.2951834 -0.2928670 -0.2911638 -0.2910476 -0.2886446 -0.2919779 -0.2931698 -0.2928833 -0.2961324 -0.2961068 -0.2981883 -0.2955552 -0.2976680 -0.2966687 -0.2971638 -0.2973502 -0.2965697
0.1533625 0.1554613 0.1907903 0.1504869 0.2006151 0.1937934 0.2075698 0.8954386 0.1616448 0.1568472 0.1614805 0.1684094 0.1568060 0.1583944 0.1467835 0.1496335 0.0357009 0.0593715 0.0704007 0.0600131 0.0519776 0.0795234 0.0597766 0.0534583 0.0708616 0.0667350 0.0716905 0.0570227 0.0583286 0.0555184 0.0670986 0.0531549 0.0707420 0.0594467 0.0525415 0.0733118 0.0618340 0.0626862 0.0720509 0.0684652 0.0610634 0.0458238 0.0501441 0.0529428 0.0661721 0.0623683 0.0466863 0.0299493 -0.0172430 0.0359386 0.0160741 0.0099857 0.0140180 0.0316104 0.0182908 0.0069950 -0.0051710 0.0024085 0.0305584 0.0161781 0.0346185 0.0181378 0.0165304 0.0345070 0.0169292 0.0343403 0.0058171 0.0305977 0.0025523 0.0526629 0.0078742 -0.0111134 -0.0058335 0.0363781 0.0179201 0.0209235 0.0084738 -0.0163586 0.0117709 -0.0801364 -0.0924138 -0.0043539 0.0054412 0.0143675 -0.0358620 -0.0076191 -0.1278566 -0.0030176 -0.0410234 -0.0217367 -0.0228972 0.0115742 -0.0732549 -0.0055949 -0.1077298 -0.2892346 -0.2921319 -0.2901770 -0.2872065 -0.2884352 -0.2873966 -0.2887215 -0.2905822 -0.2912191 -0.2930649 -0.2944688 -0.2937305 -0.2942190 -0.2943359 -0.2944565 -0.2932591 -0.2973830 -0.2938103
0.1473663 0.1500054 0.1539928 0.1456508 0.1566526 0.1541123 0.1568603 0.1616448 0.8957922 0.1884017 0.1976247 0.1947101 0.1913640 0.1857960 0.1491268 0.1542826 0.0362365 0.0613431 0.0666150 0.0626123 0.0507521 0.0760354 0.0615004 0.0569197 0.0717470 0.0629732 0.0711556 0.0588709 0.0590749 0.0568689 0.0658602 0.0553421 0.0681468 0.0576304 0.0502519 0.0707600 0.0603259 0.0601713 0.0677573 0.0656277 0.0595632 0.0423140 0.0463207 0.0557329 0.0699415 0.0618210 0.0513139 0.0280578 -0.0183007 0.0339397 0.0195340 0.0029694 0.0114597 0.0310816 0.0217743 0.0074991 -0.0070232 0.0083074 0.0320622 0.0178113 0.0338380 0.0199525 0.0198011 0.0328859 0.0143486 0.0352681 0.0067668 0.0293135 0.0013050 0.0537377 0.0080576 -0.0102687 -0.0009186 0.0318965 0.0163458 0.0191365 0.0037942 -0.0168340 0.0120105 -0.0794647 -0.0873807 -0.0009726 -0.0008548 0.0167434 -0.0407810 -0.0094224 -0.1211169 -0.0031046 -0.0416804 -0.0364986 -0.0363771 0.0114657 -0.0733075 -0.0056445 -0.1089594 -0.2851202 -0.2873225 -0.2847317 -0.2824329 -0.2825941 -0.2827363 -0.2839374 -0.2853584 -0.2861319 -0.2874914 -0.2892786 -0.2877743 -0.2887393 -0.2893722 -0.2879524 -0.2894114 -0.2941448 -0.2881799
0.1441018 0.1480727 0.1527855 0.1400610 0.1546147 0.1525478 0.1559074 0.1568472 0.1884017 0.8909454 0.1858677 0.1915964 0.1996983 0.1846447 0.1417801 0.1489403 0.0340795 0.0601643 0.0631703 0.0625524 0.0509932 0.0747200 0.0596271 0.0584083 0.0677453 0.0615775 0.0674151 0.0568859 0.0562937 0.0521669 0.0623503 0.0504919 0.0664586 0.0559458 0.0503383 0.0699850 0.0557311 0.0572275 0.0687489 0.0655351 0.0550616 0.0422492 0.0461457 0.0542944 0.0662109 0.0571799 0.0460498 0.0286573 -0.0197215 0.0341832 0.0175280 0.0075095 0.0129196 0.0318083 0.0150041 0.0076381 -0.0069930 0.0045310 0.0303325 0.0158762 0.0317691 0.0169826 0.0145432 0.0307391 0.0159525 0.0323893 0.0042913 0.0292323 -0.0010224 0.0480877 0.0047750 -0.0115532 -0.0032275 0.0297930 0.0142766 0.0179960 0.0039867 -0.0163731 0.0110271 -0.0769065 -0.0897483 -0.0037571 0.0014850 0.0147542 -0.0415396 -0.0079389 -0.1212102 -0.0075098 -0.0412460 -0.0296227 -0.0289545 0.0097973 -0.0711100 -0.0088612 -0.1043351 -0.2779111 -0.2794163 -0.2796877 -0.2746984 -0.2749892 -0.2740750 -0.2770468 -0.2766859 -0.2783318 -0.2799920 -0.2818105 -0.2815464 -0.2801758 -0.2815107 -0.2813524 -0.2808166 -0.2844367 -0.2814538
0.1453739 0.1512242 0.1541169 0.1457881 0.1570946 0.1546448 0.1582688 0.1614805 0.1976247 0.1858677 0.9150822 0.2036293 0.1909811 0.1875811 0.1488698 0.1506929 0.0405018 0.0666846 0.0746696 0.0672237 0.0582411 0.0823118 0.0663199 0.0614006 0.0641451 0.0578404 0.0653891 0.0539785 0.0550473 0.0491660 0.0609642 0.0452070 0.0621704 0.0548546 0.0469910 0.0668536 0.0569474 0.0564013 0.0660722 0.0608884 0.0555236 0.0403450 0.0446444 0.0519249 0.0660612 0.0566597 0.0434855 0.0249250 -0.0181214 0.0311312 0.0187147 0.0023446 0.0114430 0.0260000 0.0148727 0.0057733 -0.0096669 0.0054031 0.0288280 0.0162468 0.0252237 0.0099638 0.0090285 0.0308517 0.0116932 0.0297143 0.0022355 0.0260313 -0.0047166 0.0447365 0.0016540 -0.0162245 -0.0054419 0.0298056 0.0149532 0.0148171 0.0018598 -0.0154005 0.0062823 -0.0781608 -0.0897216 -0.0088146 0.0009029 0.0106304 -0.0438597 -0.0143721 -0.1192525 -0.0069841 -0.0443292 -0.0250716 -0.0247444 0.0109104 -0.0726147 -0.0077869 -0.1059860 -0.2713673 -0.2747254 -0.2733385 -0.2690164 -0.2705632 -0.2703331 -0.2712118 -0.2724045 -0.2725654 -0.2727696 -0.2759604 -0.2759554 -0.2756073 -0.2772526 -0.2754012 -0.2779309 -0.2817204 -0.2757991
0.1525786 0.1543763 0.1570479 0.1468234 0.1610952 0.1603540 0.1633037 0.1684094 0.1947101 0.1915964 0.2036293 0.9086341 0.1960955 0.1911416 0.1462412 0.1562306 0.0377288 0.0659428 0.0709720 0.0655646 0.0539940 0.0820256 0.0652168 0.0593583 0.0654840 0.0582732 0.0678493 0.0550124 0.0551462 0.0498383 0.0612257 0.0484008 0.0640130 0.0558388 0.0517496 0.0708648 0.0586174 0.0561122 0.0673934 0.0622997 0.0580882 0.0409162 0.0475302 0.0517520 0.0684497 0.0563646 0.0472917 0.0244933 -0.0217635 0.0307128 0.0168337 0.0038607 0.0132798 0.0306149 0.0152199 0.0039811 -0.0085162 0.0088052 0.0286194 0.0135348 0.0266422 0.0122889 0.0114344 0.0296561 0.0134143 0.0297308 0.0041913 0.0260107 -0.0032022 0.0496175 0.0054757 -0.0156612 -0.0051894 0.0277244 0.0121282 0.0176719 0.0026458 -0.0198285 0.0097214 -0.0778398 -0.0904879 -0.0074731 -0.0001241 0.0095732 -0.0461163 -0.0120970 -0.1192087 -0.0088257 -0.0438462 -0.0300210 -0.0305018 0.0064890 -0.0702286 -0.0122378 -0.1084068 -0.2793175 -0.2806639 -0.2793174 -0.2764165 -0.2773709 -0.2772684 -0.2780938 -0.2779197 -0.2809854 -0.2797419 -0.2818862 -0.2823228 -0.2822456 -0.2821620 -0.2815772 -0.2831371 -0.2866922 -0.2830373
0.1425816 0.1511037 0.1532392 0.1400859 0.1552146 0.1516005 0.1546174 0.1568060 0.1913640 0.1996983 0.1909811 0.1960955 0.8971536 0.1922663 0.1453014 0.1498409 0.0321168 0.0608701 0.0655789 0.0594853 0.0500117 0.0760245 0.0597299 0.0554332 0.0679422 0.0620678 0.0724988 0.0570254 0.0587709 0.0545064 0.0647992 0.0529128 0.0686231 0.0571430 0.0485774 0.0707079 0.0612278 0.0612281 0.0708632 0.0641515 0.0569907 0.0431931 0.0484371 0.0567431 0.0672208 0.0603672 0.0508290 0.0255871 -0.0190444 0.0349717 0.0149929 0.0091300 0.0161682 0.0276344 0.0191751 0.0061410 -0.0072673 0.0075784 0.0345660 0.0165019 0.0357917 0.0184038 0.0177309 0.0306361 0.0180290 0.0340094 0.0043387 0.0276824 -0.0004027 0.0507225 0.0065157 -0.0102271 -0.0058255 0.0327232 0.0161895 0.0208969 0.0057298 -0.0154308 0.0118436 -0.0806131 -0.0900562 -0.0042421 -0.0000518 0.0159269 -0.0422707 -0.0099327 -0.1233174 -0.0065272 -0.0423657 -0.0332527 -0.0331976 0.0098254 -0.0745601 -0.0064128 -0.1090452 -0.2826621 -0.2857085 -0.2840000 -0.2788126 -0.2799581 -0.2802591 -0.2821348 -0.2827268 -0.2839233 -0.2850523 -0.2877668 -0.2862525 -0.2875402 -0.2883181 -0.2871172 -0.2866345 -0.2920105 -0.2873832
0.1412093 0.1462345 0.1503521 0.1410203 0.1531678 0.1506392 0.1564028 0.1583944 0.1857960 0.1846447 0.1875811 0.1911416 0.1922663 0.9000901 0.1453428 0.1434666 0.0374968 0.0624161 0.0687015 0.0590712 0.0510506 0.0780337 0.0591492 0.0581260 0.0686624 0.0566420 0.0660287 0.0558714 0.0575177 0.0506952 0.0606120 0.0490135 0.0626227 0.0563106 0.0496313 0.0694340 0.0598962 0.0575627 0.0672499 0.0658608 0.0545872 0.0427934 0.0491836 0.0534267 0.0659903 0.0582030 0.0471952 0.0306533 -0.0175070 0.0339187 0.0177634 0.0050524 0.0134411 0.0269200 0.0176337 0.0082116 -0.0091476 0.0064095 0.0326046 0.0160859 0.0312088 0.0141609 0.0134520 0.0341212 0.0168644 0.0309274 0.0037940 0.0320721 -0.0001016 0.0485457 0.0047234 -0.0149647 -0.0043993 0.0318553 0.0171480 0.0206348 0.0065525 -0.0152667 0.0099691 -0.0785368 -0.0884779 -0.0076055 0.0010326 0.0128659 -0.0423121 -0.0099724 -0.1217891 -0.0067065 -0.0415275 -0.0225602 -0.0226489 0.0124560 -0.0739182 -0.0018051 -0.1071859 -0.2780092 -0.2803283 -0.2789612 -0.2764214 -0.2766773 -0.2754487 -0.2781181 -0.2779537 -0.2795973 -0.2798999 -0.2823021 -0.2823798 -0.2809345 -0.2833414 -0.2826563 -0.2821030 -0.2854328 -0.2832364
0.1347803 0.1377238 0.1425197 0.1334548 0.1423623 0.1414974 0.1417523 0.1467835 0.1491268 0.1417801 0.1488698 0.1462412 0.1453014 0.1453428 0.8775217 0.1389509 0.0285984 0.0487613 0.0536606 0.0431250 0.0388281 0.0664165 0.0453137 0.0444114 0.0703198 0.0671230 0.0750175 0.0607929 0.0629530 0.0606618 0.0713176 0.0564284 0.0715688 0.0581950 0.0590654 0.0715366 0.0628781 0.0664648 0.0713121 0.0693780 0.0588005 0.0502107 0.0528386 0.0556110 0.0658927 0.0664297 0.0480254 0.0361688 -0.0147036 0.0377011 0.0240371 0.0101338 0.0184369 0.0358904 0.0269742 0.0076637 0.0018454 0.0163154 0.0432432 0.0251424 0.0434717 0.0297287 0.0269113 0.0351052 0.0228016 0.0365183 0.0139027 0.0375444 0.0084657 0.0550594 0.0153584 -0.0020249 0.0029353 0.0334344 0.0216609 0.0235361 0.0105240 -0.0118870 0.0158534 -0.0691188 -0.0798654 0.0084616 0.0134242 0.0225743 -0.0302614 -0.0017954 -0.1214688 0.0017163 -0.0349646 -0.0255819 -0.0255745 0.0137923 -0.0666665 -0.0001213 -0.1008419 -0.2780968 -0.2828758 -0.2825512 -0.2788163 -0.2784898 -0.2768173 -0.2809903 -0.2809044 -0.2812447 -0.2841905 -0.2847967 -0.2848014 -0.2845296 -0.2847313 -0.2855517 -0.2850039 -0.2881270 -0.2858015
0.1369580 0.1418193 0.1445997 0.1365579 0.1477685 0.1465461 0.1491262 0.1496335 0.1542826 0.1489403 0.1506929 0.1562306 0.1498409 0.1434666 0.1389509 0.8800113 0.0258391 0.0510786 0.0543084 0.0494711 0.0400421 0.0639119 0.0474178 0.0471945 0.0741035 0.0716556 0.0768109 0.0620812 0.0660424 0.0625951 0.0734374 0.0639054 0.0781559 0.0580722 0.0592151 0.0768279 0.0632121 0.0669164 0.0727659 0.0685598 0.0629368 0.0535728 0.0571077 0.0531290 0.0665146 0.0689222 0.0542845 0.0311977 -0.0141202 0.0359139 0.0230397 0.0107396 0.0167438 0.0373397 0.0251272 0.0068380 -0.0001394 0.0153671 0.0423060 0.0253012 0.0469222 0.0316218 0.0302625 0.0357365 0.0226381 0.0406054 0.0137877 0.0333911 0.0068386 0.0556801 0.0174827 -0.0037378 0.0030454 0.0368588 0.0205284 0.0299090 0.0132255 -0.0141649 0.0157484 -0.0705255 -0.0811769 0.0088425 0.0082013 0.0196373 -0.0304126 -0.0021118 -0.1217913 0.0010281 -0.0361462 -0.0354807 -0.0361163 0.0143553 -0.0495558 -0.0025720 -0.1046752 -0.2832275 -0.2864555 -0.2852907 -0.2795401 -0.2822967 -0.2796485 -0.2828198 -0.2839274 -0.2856058 -0.2869051 -0.2887145 -0.2886707 -0.2884181 -0.2895614 -0.2891856 -0.2891813 -0.2920510 -0.2889683
0.0306787 0.0275791 0.0352703 0.0304532 0.0345561 0.0354621 0.0315349 0.0357009 0.0362365 0.0340795 0.0405018 0.0377288 0.0321168 0.0374968 0.0285984 0.0258391 0.9787427 0.0419966 0.0477298 0.0598436 0.0605932 0.0412673 0.0509302 0.0596291 -0.0134387 -0.0169241 -0.0137742 -0.0087266 -0.0185263 -0.0205675 -0.0228999 -0.0227726 -0.0257378 -0.0096522 -0.0141833 -0.0172303 -0.0142635 -0.0177305 -0.0177057 -0.0179975 0.0020417 -0.0066240 -0.0307782 -0.0159845 -0.0115003 -0.0058193 -0.0070250 -0.0457216 -0.0136936 -0.0275734 -0.0205075 -0.0041530 -0.0383726 -0.0074685 -0.0156444 -0.0225335 -0.0174134 -0.0212720 -0.0325261 -0.0166895 -0.0219117 -0.0296868 -0.0286509 -0.0316823 -0.0365071 -0.0235237 -0.0376246 -0.0445110 -0.0362362 -0.0215149 -0.0305301 -0.0150958 -0.0176949 -0.0153349 -0.0232929 -0.0179430 -0.0146577 -0.0332117 -0.0148339 -0.0212083 -0.0221687 -0.0219864 -0.0177035 -0.0197729 -0.0255202 -0.0276747 0.0011679 -0.0250514 -0.0230030 -0.0840689 -0.0843358 -0.0434211 -0.0063168 -0.0210219 -0.0170199 0.0128898 0.0134463 0.0132920 0.0148247 0.0128832 0.0130117 0.0138427 0.0154790 0.0142195 0.0158280 0.0141110 0.0129389 0.0141529 0.0133179 0.0141101 0.0153382 0.0067069 0.0131006
0.0530374 0.0568296 0.0556858 0.0530980 0.0626873 0.0569460 0.0583479 0.0593715 0.0613431 0.0601643 0.0666846 0.0659428 0.0608701 0.0624161 0.0487613 0.0510786 0.0419966 0.9545891 0.0674502 0.0667927 0.0570701 0.0637396 0.0613094 0.0570706 -0.0004401 -0.0105951 -0.0034280 -0.0088219 -0.0054351 -0.0149911 -0.0110122 -0.0176663 -0.0078392 0.0055182 -0.0111892 -0.0075406 -0.0047763 -0.0052656 -0.0025993 -0.0067964 0.0030547 -0.0182141 -0.0089130 0.0004919 0.0072701 -0.0079147 -0.0094720 -0.0197130 -0.0170684 -0.0106084 -0.0076852 -0.0232524 -0.0179593 -0.0046061 -0.0255039 -0.0157345 -0.0237401 -0.0156582 -0.0250212 -0.0165111 -0.0283737 -0.0389663 -0.0394603 -0.0119534 -0.0189578 -0.0187693 -0.0283555 -0.0194226 -0.0354618 -0.0106446 -0.0270901 -0.0220625 -0.0175445 -0.0058852 -0.0156944 -0.0067895 -0.0198206 -0.0143363 -0.0081099 -0.0314325 -0.0389655 -0.0275262 -0.0149521 -0.0185244 -0.0255523 -0.0178048 -0.0264871 -0.0230038 -0.0245772 -0.0170990 -0.0166363 -0.0157518 -0.0171521 -0.0287869 -0.0254759 -0.0446309 -0.0475500 -0.0466085 -0.0425512 -0.0444323 -0.0446348 -0.0464971 -0.0457201 -0.0440052 -0.0434945 -0.0471067 -0.0483816 -0.0490309 -0.0477648 -0.0464854 -0.0471718 -0.0524279 -0.0456339
0.0549963 0.0597459 0.0645843 0.0573817 0.0652997 0.0635349 0.0655879 0.0704007 0.0666150 0.0631703 0.0746696 0.0709720 0.0655789 0.0687015 0.0536606 0.0543084 0.0477298 0.0674502 0.9694405 0.0705843 0.0709817 0.0723741 0.0639222 0.0641122 -0.0030531 -0.0064480 -0.0000675 -0.0103804 -0.0107606 -0.0178435 -0.0121741 -0.0214429 -0.0106887 0.0049087 -0.0171612 -0.0038959 -0.0082845 -0.0078788 -0.0038125 -0.0022586 -0.0007730 -0.0185023 -0.0141820 -0.0038917 0.0145923 -0.0077631 -0.0135284 -0.0200559 -0.0125756 -0.0072130 -0.0099076 -0.0246121 -0.0128247 -0.0075930 -0.0209335 -0.0082275 -0.0302456 -0.0219590 -0.0298357 -0.0163593 -0.0339204 -0.0429418 -0.0425802 -0.0076702 -0.0222239 -0.0206163 -0.0294450 -0.0180835 -0.0415843 -0.0116290 -0.0351799 -0.0349215 -0.0226347 -0.0059079 -0.0196530 -0.0170057 -0.0209807 -0.0209890 -0.0152720 -0.0311787 -0.0348619 -0.0388272 -0.0141469 -0.0285265 -0.0336632 -0.0254739 -0.0313367 -0.0246040 -0.0376136 -0.0133029 -0.0140465 -0.0181841 -0.0217021 -0.0285712 -0.0351718 -0.0428641 -0.0452058 -0.0455810 -0.0421961 -0.0413661 -0.0428926 -0.0435655 -0.0423219 -0.0448399 -0.0405388 -0.0447114 -0.0466044 -0.0443016 -0.0442525 -0.0460357 -0.0437007 -0.0468973 -0.0464180
0.0504937 0.0534168 0.0517750 0.0484666 0.0592203 0.0541606 0.0582669 0.0600131 0.0626123 0.0625524 0.0672237 0.0655646 0.0594853 0.0590712 0.0431250 0.0494711 0.0598436 0.0667927 0.0705843 1.0015802 0.0656161 0.0838920 0.0848473 0.0653330 -0.0151607 -0.0199083 -0.0158296 -0.0229356 -0.0246982 -0.0311663 -0.0287481 -0.0360774 -0.0208953 -0.0007454 -0.0215463 -0.0169997 -0.0119025 -0.0168695 -0.0128831 -0.0172475 -0.0160814 -0.0319549 -0.0269061 -0.0105005 -0.0003345 -0.0261020 -0.0293245 -0.0189514 -0.0111838 -0.0099549 -0.0101664 -0.0200618 -0.0079590 -0.0173023 -0.0299464 -0.0249552 -0.0319706 -0.0220022 -0.0404525 -0.0224206 -0.0488269 -0.0596176 -0.0606293 -0.0221660 -0.0213895 -0.0304578 -0.0336456 -0.0186116 -0.0492063 -0.0180061 -0.0391685 -0.0413984 -0.0258929 -0.0018798 -0.0196817 -0.0328838 -0.0321480 -0.0221116 -0.0219953 -0.0298198 -0.0497992 -0.0495978 -0.0381825 -0.0279139 -0.0431040 -0.0326998 -0.0151374 -0.0221440 -0.0214464 0.0098991 0.0109014 -0.0187615 -0.0111978 -0.0486954 -0.0186928 -0.0151597 -0.0171003 -0.0157714 -0.0123698 -0.0107424 -0.0154304 -0.0159079 -0.0106359 -0.0120174 -0.0111367 -0.0126477 -0.0140845 -0.0119645 -0.0139416 -0.0120295 -0.0133022 -0.0160523 -0.0163073
0.0458010 0.0423502 0.0473243 0.0405138 0.0517488 0.0477694 0.0482286 0.0519776 0.0507521 0.0509932 0.0582411 0.0539940 0.0500117 0.0510506 0.0388281 0.0400421 0.0605932 0.0570701 0.0709817 0.0656161 1.0036391 0.0719906 0.0686701 0.0689393 -0.0195495 -0.0202585 -0.0121483 -0.0227748 -0.0257800 -0.0351269 -0.0254389 -0.0354388 -0.0303471 -0.0084116 -0.0281366 -0.0230962 -0.0279604 -0.0204465 -0.0202891 -0.0195996 -0.0070940 -0.0254655 -0.0318011 -0.0166852 -0.0070499 -0.0189834 -0.0224262 -0.0443006 -0.0143259 -0.0184902 -0.0234193 -0.0122923 -0.0236687 -0.0221968 -0.0369956 -0.0234770 -0.0327105 -0.0323791 -0.0457042 -0.0268840 -0.0445799 -0.0469379 -0.0490086 -0.0245443 -0.0354745 -0.0339364 -0.0406078 -0.0452734 -0.0484252 -0.0220589 -0.0368919 -0.0300081 -0.0257102 -0.0157800 -0.0257631 -0.0339973 -0.0263626 -0.0177224 -0.0257473 -0.0284250 -0.0339071 -0.0417066 -0.0308931 -0.0255831 -0.0378298 -0.0388115 0.0000321 -0.0280896 -0.0226338 -0.0383358 -0.0390844 -0.0261064 -0.0055299 -0.0276745 -0.0203214 0.0103089 0.0124857 0.0129347 0.0145654 0.0139578 0.0120160 0.0118469 0.0143143 0.0131032 0.0151567 0.0117180 0.0118078 0.0137189 0.0110951 0.0137266 0.0127697 0.0069065 0.0126916
0.0702553 0.0691188 0.0723333 0.0664084 0.0782317 0.0720501 0.0734482 0.0795234 0.0760354 0.0747200 0.0823118 0.0820256 0.0760245 0.0780337 0.0664165 0.0639119 0.0412673 0.0637396 0.0723741 0.0838920 0.0719906 0.9839403 0.0767281 0.0751275 -0.0080943 -0.0056357 -0.0031806 -0.0076226 -0.0152278 -0.0219801 -0.0136549 -0.0249574 -0.0097784 0.0088292 -0.0116878 -0.0066414 -0.0079779 -0.0018620 -0.0056417 -0.0011158 -0.0051008 -0.0250208 -0.0122341 0.0001788 0.0106913 -0.0151793 -0.0177214 -0.0125522 -0.0085725 -0.0069618 -0.0034031 -0.0178790 0.0004571 -0.0137731 -0.0265498 -0.0151910 -0.0340559 -0.0166382 -0.0274595 -0.0169083 -0.0447538 -0.0489738 -0.0502352 -0.0097221 -0.0225085 -0.0237600 -0.0331892 -0.0119118 -0.0409178 -0.0107730 -0.0382153 -0.0367231 -0.0230708 -0.0026958 -0.0181659 -0.0228891 -0.0235568 -0.0074426 -0.0022908 -0.0361850 -0.0508402 -0.0469879 -0.0288440 -0.0198780 -0.0406374 -0.0265766 -0.0347805 -0.0227518 -0.0291834 0.0174729 0.0190617 -0.0138721 -0.0231481 -0.0340726 -0.0331581 -0.0585667 -0.0586936 -0.0598797 -0.0549287 -0.0554355 -0.0586738 -0.0556041 -0.0557734 -0.0578731 -0.0552019 -0.0570224 -0.0566140 -0.0552930 -0.0572508 -0.0551037 -0.0596481 -0.0606545 -0.0586999
0.0487050 0.0511756 0.0537548 0.0492223 0.0601230 0.0553686 0.0562957 0.0597766 0.0615004 0.0596271 0.0663199 0.0652168 0.0597299 0.0591492 0.0453137 0.0474178 0.0509302 0.0613094 0.0639222 0.0848473 0.0686701 0.0767281 0.9822737 0.0679352 -0.0134709 -0.0206943 -0.0156166 -0.0204173 -0.0221623 -0.0280724 -0.0200570 -0.0287680 -0.0216868 -0.0042626 -0.0226895 -0.0205957 -0.0198083 -0.0185771 -0.0180860 -0.0169467 -0.0044615 -0.0230531 -0.0263401 -0.0102340 -0.0060385 -0.0154589 -0.0227507 -0.0333720 -0.0212774 -0.0165388 -0.0129137 -0.0144327 -0.0222584 -0.0158488 -0.0326563 -0.0201377 -0.0374918 -0.0166258 -0.0349717 -0.0211386 -0.0441754 -0.0482273 -0.0473933 -0.0297933 -0.0349569 -0.0261525 -0.0405881 -0.0334075 -0.0475822 -0.0199151 -0.0441617 -0.0319244 -0.0302626 -0.0077172 -0.0270386 -0.0289274 -0.0253787 -0.0277945 -0.0172375 -0.0270523 -0.0434976 -0.0393255 -0.0308453 -0.0220560 -0.0354019 -0.0312488 -0.0157170 -0.0194588 -0.0234480 -0.0333461 -0.0329240 -0.0299688 -0.0124667 -0.0370367 -0.0202798 -0.0059498 -0.0046789 -0.0075833 -0.0004158 -0.0048474 -0.0030461 -0.0038536 -0.0024216 -0.0035616 -0.0008986 -0.0051095 -0.0052185 -0.0027045 -0.0031699 -0.0021933 -0.0049339 -0.0087858 -0.0016292
0.0532905 0.0483518 0.0523048 0.0507054 0.0577242 0.0536553 0.0505085 0.0534583 0.0569197 0.0584083 0.0614006 0.0593583 0.0554332 0.0581260 0.0444114 0.0471945 0.0596291 0.0570706 0.0641122 0.0653330 0.0689393 0.0751275 0.0679352 0.9699182 -0.0049404 -0.0040729 -0.0078839 -0.0079382 -0.0137203 -0.0196976 -0.0156351 -0.0184987 -0.0148106 0.0027591 -0.0181294 -0.0084688 -0.0082387 -0.0049652 -0.0044265 -0.0091235 0.0006394 -0.0185600 -0.0180748 -0.0041558 0.0055711 -0.0082640 -0.0104904 -0.0258078 -0.0160890 -0.0109150 -0.0066100 -0.0098311 -0.0160571 -0.0115892 -0.0170595 -0.0168631 -0.0258279 -0.0195897 -0.0295459 -0.0239047 -0.0308230 -0.0393293 -0.0396447 -0.0192821 -0.0250889 -0.0248125 -0.0314622 -0.0250593 -0.0332462 -0.0078231 -0.0286906 -0.0227452 -0.0178383 -0.0097070 -0.0189964 -0.0176434 -0.0165937 -0.0131053 -0.0192801 -0.0310816 -0.0451772 -0.0378054 -0.0207106 -0.0216320 -0.0273210 -0.0292211 -0.0200044 -0.0266165 -0.0304839 -0.0096562 -0.0103103 -0.0222785 -0.0170238 -0.0288769 -0.0253874 -0.0351163 -0.0339380 -0.0363441 -0.0309969 -0.0309266 -0.0326075 -0.0315525 -0.0304346 -0.0315655 -0.0315873 -0.0334783 -0.0315648 -0.0353826 -0.0336688 -0.0322637 -0.0338141 -0.0368887 -0.0336288
0.0687377 0.0705653 0.0688371 0.0699746 0.0703057 0.0726714 0.0712247 0.0708616 0.0717470 0.0677453 0.0641451 0.0654840 0.0679422 0.0686624 0.0703198 0.0741035 -0.0134387 -0.0004401 -0.0030531 -0.0151607 -0.0195495 -0.0080943 -0.0134709 -0.0049404 0.8476801 0.0792879 0.0827050 0.0941584 0.1050046 0.1164117 0.1168754 0.1006699 0.0846527 0.0562632 0.0685150 0.0858039 0.0734618 0.0700636 0.0725833 0.0788232 0.0588263 0.0640710 0.0689009 0.0548300 0.0620704 0.0751616 0.0619451 0.0488233 -0.0069017 0.0371296 0.0253569 0.0242515 0.0242039 0.0428777 0.0391373 0.0209260 0.0257249 0.0269868 0.0691964 0.0405524 0.0728601 0.0657324 0.0659394 0.0510131 0.0411065 0.0572438 0.0402570 0.0504928 0.0478948 0.0681342 0.0440456 0.0231553 0.0167045 0.0384530 0.0387271 0.0474745 0.0308244 0.0035209 0.0229445 -0.0399210 -0.0512543 0.0416073 0.0340912 0.0455276 -0.0065113 0.0219940 -0.1070527 0.0246035 -0.0137750 -0.0283004 -0.0304646 0.0311108 -0.0623578 0.0269385 -0.0863892 -0.2607625 -0.2661167 -0.2611201 -0.2613258 -0.2607758 -0.2594029 -0.2594016 -0.2641891 -0.2636639 -0.2685583 -0.2672493 -0.2674080 -0.2699690 -0.2702320 -0.2703002 -0.2669263 -0.2709010 -0.2689556
0.0641493 0.0659070 0.0648290 0.0633900 0.0628481 0.0670303 0.0661475 0.0667350 0.0629732 0.0615775 0.0578404 0.0582732 0.0620678 0.0566420 0.0671230 0.0716556 -0.0169241 -0.0105951 -0.0064480 -0.0199083 -0.0202585 -0.0056357 -0.0206943 -0.0040729 0.0792879 0.8546603 0.1120667 0.0711554 0.0854039 0.0791746 0.0879780 0.0827917 0.0856615 0.0563681 0.0657445 0.0860970 0.0705782 0.0697293 0.0735365 0.0784943 0.0572631 0.0668818 0.0655087 0.0508030 0.0551403 0.0754849 0.0635516 0.0514501 -0.0011743 0.0462461 0.0312853 0.0226941 0.0362671 0.0485672 0.0526526 0.0164575 0.0280142 0.0310706 0.0714684 0.0437272 0.0851692 0.0729926 0.0725427 0.0513458 0.0438150 0.0554644 0.0376585 0.0518387 0.0434553 0.0668773 0.0423379 0.0230890 0.0242058 0.0427750 0.0455234 0.0410269 0.0340944 0.0024252 0.0300919 -0.0337170 -0.0435855 0.0477678 0.0311092 0.0480150 0.0030771 0.0318501 -0.1137874 0.0258544 -0.0129581 -0.0200094 -0.0202197 0.0355640 -0.0562809 0.0255512 -0.0785109 -0.2536273 -0.2604954 -0.2575776 -0.2544460 -0.2566075 -0.2536088 -0.2579214 -0.2590187 -0.2589139 -0.2631826 -0.2619377 -0.2629168 -0.2630490 -0.2619506 -0.2662518 -0.2633292 -0.2636136 -0.2639704
0.0682505 0.0718651 0.0730527 0.0704965 0.0714524 0.0728821 0.0728742 0.0716905 0.0711556 0.0674151 0.0653891 0.0678493 0.0724988 0.0660287 0.0750175 0.0768109 -0.0137742 -0.0034280 -0.0000675 -0.0158296 -0.0121483 -0.0031806 -0.0156166 -0.0078839 0.0827050 0.1120667 0.8506291 0.0779772 0.0817021 0.0882487 0.0864395 0.0889114 0.0814873 0.0560611 0.0663470 0.0806770 0.0751575 0.0679460 0.0733393 0.0779629 0.0599061 0.0667313 0.0674997 0.0555337 0.0580246 0.0730234 0.0655432 0.0493214 -0.0060300 0.0415697 0.0236200 0.0263937 0.0283778 0.0411857 0.0443207 0.0138583 0.0250364 0.0331219 0.0693012 0.0483073 0.0803814 0.0717835 0.0710748 0.0553281 0.0463225 0.0515454 0.0392914 0.0492184 0.0437137 0.0695878 0.0482933 0.0230926 0.0156266 0.0415023 0.0443329 0.0456367 0.0302628 -0.0001052 0.0277123 -0.0464270 -0.0498742 0.0471922 0.0314747 0.0430854 0.0032198 0.0262491 -0.1063719 0.0215525 -0.0142492 -0.0303605 -0.0318465 0.0305230 -0.0572101 0.0294444 -0.0793845 -0.2600065 -0.2654542 -0.2616928 -0.2583871 -0.2612002 -0.2573520 -0.2605648 -0.2614947 -0.2632638 -0.2661150 -0.2653908 -0.2677846 -0.2673410 -0.2677021 -0.2686166 -0.2662090 -0.2690742 -0.2673238
0.0525728 0.0561225 0.0595588 0.0584581 0.0552101 0.0578207 0.0587385 0.0570227 0.0588709 0.0568859 0.0539785 0.0550124 0.0570254 0.0558714 0.0607929 0.0620812 -0.0087266 -0.0088219 -0.0103804 -0.0229356 -0.0227748 -0.0076226 -0.0204173 -0.0079382 0.0941584 0.0711554 0.0779772 0.8612863 0.1080425 0.0919812 0.0897112 0.1045913 0.0684882 0.0500341 0.0596094 0.0792982 0.0716615 0.0638677 0.0673796 0.0616162 0.0647899 0.0691126 0.0638689 0.0487433 0.0517564 0.0789708 0.0734555 0.0454910 -0.0105228 0.0327874 0.0300867 0.0281448 0.0283097 0.0508660 0.0435595 0.0093052 0.0286487 0.0270791 0.0700125 0.0387595 0.0808819 0.0764819 0.0773841 0.0445228 0.0360464 0.0511345 0.0308807 0.0461277 0.0441228 0.0658591 0.0397458 0.0299605 0.0269613 0.0330271 0.0377319 0.0434604 0.0312991 -0.0041681 0.0213303 -0.0390228 -0.0420974 0.0461191 0.0302001 0.0424381 -0.0017439 0.0249596 -0.0958930 0.0206570 -0.0221419 -0.0479754 -0.0492883 0.0189061 -0.0587831 0.0240018 -0.0786145 -0.2365373 -0.2414827 -0.2400538 -0.2353260 -0.2360999 -0.2337440 -0.2371569 -0.2394430 -0.2412012 -0.2460734 -0.2424199 -0.2438472 -0.2448803 -0.2432669 -0.2460026 -0.2430426 -0.2466439 -0.2461206
0.0566675 0.0601137 0.0587813 0.0592374 0.0569858 0.0611000 0.0594466 0.0583286 0.0590749 0.0562937 0.0550473 0.0551462 0.0587709 0.0575177 0.0629530 0.0660424 -0.0185263 -0.0054351 -0.0107606 -0.0246982 -0.0257800 -0.0152278 -0.0221623 -0.0137203 0.1050046 0.0854039 0.0817021 0.1080425 0.8562779 0.1013453 0.0956531 0.1113486 0.0751625 0.0536866 0.0626465 0.0792572 0.0690602 0.0690921 0.0725209 0.0698520 0.0602571 0.0599000 0.0645881 0.0510218 0.0519217 0.0725964 0.0617367 0.0485290 0.0043866 0.0368972 0.0300240 0.0174471 0.0313317 0.0492607 0.0457139 0.0149876 0.0279076 0.0340789 0.0715097 0.0415216 0.0856722 0.0775899 0.0777060 0.0523490 0.0404791 0.0565905 0.0390193 0.0479938 0.0442841 0.0676236 0.0436904 0.0286071 0.0214285 0.0400441 0.0410010 0.0433351 0.0325121 -0.0001398 0.0285694 -0.0359406 -0.0408271 0.0493529 0.0284795 0.0459495 -0.0009217 0.0214886 -0.1032723 0.0188672 -0.0143395 -0.0322633 -0.0329199 0.0264086 -0.0588066 0.0256892 -0.0785351 -0.2447744 -0.2520863 -0.2486982 -0.2470938 -0.2477293 -0.2450186 -0.2478936 -0.2512115 -0.2509359 -0.2541341 -0.2549701 -0.2537371 -0.2555314 -0.2553615 -0.2563025 -0.2551313 -0.2564000 -0.2561528
0.0537945 0.0573115 0.0582329 0.0562441 0.0542674 0.0591490 0.0594888 0.0555184 0.0568689 0.0521669 0.0491660 0.0498383 0.0545064 0.0506952 0.0606618 0.0625951 -0.0205675 -0.0149911 -0.0178435 -0.0311663 -0.0351269 -0.0219801 -0.0280724 -0.0196976 0.1164117 0.0791746 0.0882487 0.0919812 0.1013453 0.8563610 0.1182093 0.1026727 0.0769528 0.0563228 0.0697866 0.0840600 0.0765590 0.0803480 0.0727838 0.0783222 0.0596966 0.0700450 0.0752712 0.0557222 0.0603810 0.0771465 0.0689573 0.0624195 -0.0015560 0.0383815 0.0270975 0.0278327 0.0322910 0.0474730 0.0559157 0.0171031 0.0278359 0.0329863 0.0743244 0.0431137 0.0905774 0.0838210 0.0849488 0.0579224 0.0440137 0.0604291 0.0445096 0.0632046 0.0554906 0.0757285 0.0511233 0.0284274 0.0272728 0.0377030 0.0397505 0.0568270 0.0323249 0.0043914 0.0295457 -0.0374659 -0.0403168 0.0560761 0.0369927 0.0479480 0.0044846 0.0323375 -0.1081606 0.0271406 -0.0140080 -0.0280746 -0.0292553 0.0323744 -0.0581130 0.0312679 -0.0818073 -0.2566962 -0.2642146 -0.2595436 -0.2584562 -0.2590483 -0.2559195 -0.2582171 -0.2610959 -0.2610111 -0.2658139 -0.2649508 -0.2653153 -0.2650364 -0.2673327 -0.2662809 -0.2660362 -0.2678740 -0.2672863
0.0655255 0.0680504 0.0701362 0.0665057 0.0677685 0.0657858 0.0682564 0.0670986 0.0658602 0.0623503 0.0609642 0.0612257 0.0647992 0.0606120 0.0713176 0.0734374 -0.0228999 -0.0110122 -0.0121741 -0.0287481 -0.0254389 -0.0136549 -0.0200570 -0.0156351 0.1168754 0.0879780 0.0864395 0.0897112 0.0956531 0.1182093 0.8535441 0.1015624 0.0873060 0.0613410 0.0722204 0.0921722 0.0817926 0.0822002 0.0828706 0.0842261 0.0663069 0.0698000 0.0785008 0.0586970 0.0636892 0.0859610 0.0693179 0.0646621 -0.0078110 0.0499497 0.0328340 0.0333405 0.0381936 0.0494466 0.0565277 0.0222892 0.0260902 0.0319968 0.0852161 0.0448298 0.0851833 0.0774807 0.0778109 0.0543862 0.0494452 0.0611173 0.0464323 0.0653199 0.0534814 0.0822279 0.0497168 0.0239636 0.0255302 0.0463464 0.0481934 0.0482385 0.0339662 0.0041508 0.0295650 -0.0393566 -0.0484062 0.0503034 0.0363587 0.0511114 -0.0004970 0.0295772 -0.1133898 0.0293865 -0.0128595 -0.0165439 -0.0172727 0.0372790 -0.0675805 0.0404761 -0.0882986 -0.2769455 -0.2832498 -0.2774054 -0.2774333 -0.2774770 -0.2743654 -0.2780659 -0.2800570 -0.2815874 -0.2845780 -0.2843226 -0.2843170 -0.2847189 -0.2859154 -0.2853695 -0.2859231 -0.2862516 -0.2851952
0.0504315 0.0559189 0.0537271 0.0534018 0.0514832 0.0535100 0.0543364 0.0531549 0.0553421 0.0504919 0.0452070 0.0484008 0.0529128 0.0490135 0.0564284 0.0639054 -0.0227726 -0.0176663 -0.0214429 -0.0360774 -0.0354388 -0.0249574 -0.0287680 -0.0184987 0.1006699 0.0827917 0.0889114 0.1045913 0.1113486 0.1026727 0.1015624 0.8592194 0.0819505 0.0510315 0.0624541 0.0877645 0.0742168 0.0672700 0.0738727 0.0691754 0.0613196 0.0732625 0.0637980 0.0490238 0.0525077 0.0828621 0.0712120 0.0423450 -0.0101213 0.0362743 0.0229530 0.0352611 0.0207969 0.0547286 0.0520404 0.0175780 0.0303868 0.0372887 0.0743510 0.0513991 0.0941160 0.0953571 0.0960495 0.0431253 0.0351785 0.0561750 0.0455209 0.0431567 0.0502535 0.0716818 0.0557711 0.0361663 0.0250554 0.0341782 0.0386460 0.0573925 0.0407225 -0.0028219 0.0254471 -0.0343662 -0.0381970 0.0581249 0.0300430 0.0483297 0.0035979 0.0292078 -0.0945604 0.0190179 -0.0129263 -0.0728029 -0.0736694 0.0209742 -0.0497469 0.0388057 -0.0784710 -0.2435667 -0.2482963 -0.2438850 -0.2435771 -0.2434006 -0.2411944 -0.2441955 -0.2464155 -0.2466973 -0.2496705 -0.2492063 -0.2513444 -0.2521287 -0.2529536 -0.2525679 -0.2518220 -0.2531534 -0.2515171
0.0672640 0.0670317 0.0692503 0.0684047 0.0668871 0.0702488 0.0710183 0.0707420 0.0681468 0.0664586 0.0621704 0.0640130 0.0686231 0.0626227 0.0715688 0.0781559 -0.0257378 -0.0078392 -0.0106887 -0.0208953 -0.0303471 -0.0097784 -0.0216868 -0.0148106 0.0846527 0.0856615 0.0814873 0.0684882 0.0751625 0.0769528 0.0873060 0.0819505 0.8533003 0.0632120 0.0782790 0.0974292 0.0781698 0.0873204 0.0911598 0.0900808 0.0607727 0.0703685 0.0814759 0.0627066 0.0657112 0.0724744 0.0638019 0.0742768 0.0030115 0.0597149 0.0381299 0.0232552 0.0434612 0.0484205 0.0536834 0.0249450 0.0302539 0.0340593 0.0820095 0.0431766 0.0813976 0.0730617 0.0718042 0.0655371 0.0575486 0.0638586 0.0514249 0.0728670 0.0535363 0.0759112 0.0512327 0.0248858 0.0236153 0.0518457 0.0487720 0.0462830 0.0354768 0.0122944 0.0311402 -0.0355380 -0.0438421 0.0457921 0.0364041 0.0482932 0.0041969 0.0362240 -0.1201944 0.0355522 -0.0061710 0.0085122 0.0082090 0.0421540 -0.0675009 0.0284083 -0.0746223 -0.2816763 -0.2843875 -0.2827848 -0.2818709 -0.2811168 -0.2788200 -0.2808707 -0.2847416 -0.2852382 -0.2901576 -0.2886795 -0.2895857 -0.2895665 -0.2906367 -0.2910099 -0.2884990 -0.2892399 -0.2902658
0.0565367 0.0583332 0.0586146 0.0572737 0.0579147 0.0571589 0.0600595 0.0594467 0.0576304 0.0559458 0.0548546 0.0558388 0.0571430 0.0563106 0.0581950 0.0580722 -0.0096522 0.0055182 0.0049087 -0.0007454 -0.0084116 0.0088292 -0.0042626 0.0027591 0.0562632 0.0563681 0.0560611 0.0500341 0.0536866 0.0563228 0.0613410 0.0510315 0.0632120 0.9268757 0.0512636 0.0612488 0.0551920 0.0567664 0.0592809 0.0581152 0.0414790 0.0421197 0.0562723 0.0444107 0.0477659 0.0492725 0.0441623 0.0562723 0.0070743 0.0427489 0.0305133 0.0131322 0.0358651 0.0308213 0.0367915 0.0191517 0.0193748 0.0224458 0.0506807 0.0291435 0.0495801 0.0416474 0.0412040 0.0485808 0.0431500 0.0431286 0.0343153 0.0570196 0.0356623 0.0520718 0.0344959 0.0122074 0.0186216 0.0364485 0.0353692 0.0284222 0.0212603 0.0139229 0.0241795 -0.0268431 -0.0329557 0.0256295 0.0261606 0.0324760 0.0029152 0.0207086 -0.0847120 0.0242959 -0.0031859 0.0387409 0.0382534 0.0355551 -0.0466416 0.0224251 -0.0547481 -0.1975640 -0.2018145 -0.1992548 -0.1980536 -0.1972075 -0.1956112 -0.1974950 -0.1998219 -0.2012336 -0.2046969 -0.2034890 -0.2048146 -0.2043699 -0.2053947 -0.2064816 -0.2050156 -0.2062510 -0.2053498
