0.8260430 0.0000997 0.0272878 0.1465695
0.8422478 0.0000995 0.0156647 0.1419880
0.8790547 0.0000995 0.0073794 0.1134664
0.7969119 0.0000995 0.0318198 0.1711688
0.9074138 0.0000997 0.0075356 0.0849509
0.8894196 0.0000997 0.0000997 0.1103810
0.9081761 0.0000994 0.0097543 0.0819702
0.9152527 0.0000995 0.0060071 0.0786407
0.9092739 0.0000997 0.0000997 0.0905267
0.9185076 0.0005810 0.0001322 0.0807792
0.9387627 0.0047411 0.0062495 0.0502466
0.9560078 0.0013156 0.0001000 0.0425767
0.9154035 0.0000998 0.0000998 0.0843970
0.9184007 0.0000999 0.0096269 0.0718725
0.7662601 0.0000994 0.0166940 0.2169464
0.7790033 0.0000994 0.0000994 0.2207979
0.5995641 0.2446850 0.0001000 0.1556510
0.7196967 0.1914984 0.0435074 0.0452974
0.7617215 0.1931613 0.0450172 0.0001000
0.7185545 0.2069625 0.0743831 0.0000999
0.7496172 0.2501829 0.0001000 0.0001000
0.7481369 0.1681736 0.0835896 0.0000999
0.7622472 0.2323545 0.0052983 0.0001000
0.7223464 0.2030644 0.0453844 0.0292049
0.2653028 0.0000991 0.0464635 0.6881345
0.2305856 0.0000991 0.0669409 0.7023743
0.2733449 0.0000992 0.0453068 0.6812491
0.2208356 0.0089575 0.0172653 0.7529416
0.2060480 0.0000997 0.0471165 0.7467358
0.1535024 0.0000991 0.0572782 0.7891203
0.1939088 0.0000982 0.0684765 0.7375166
0.1502917 0.0038256 0.0001000 0.8457828
0.2028318 0.0000976 0.1154456 0.6816249
0.2905629 0.0261920 0.1504545 0.5327906
0.1946596 0.0000999 0.1141480 0.6910924
0.2362485 0.0000982 0.0701929 0.6934603
0.2250308 0.0000991 0.1003748 0.6744953
0.2243391 0.0000987 0.1521166 0.6234455
0.2556460 0.0000983 0.1252934 0.6189623
0.2407160 0.0000986 0.1182629 0.6409225
0.3109096 0.0432578 0.0001000 0.6457326
0.1816992 0.0371935 0.0001000 0.7810072
0.1506629 0.0000987 0.1892008 0.6600376
0.2793042 0.0225716 0.1494689 0.5486553
0.3573433 0.0130104 0.1194969 0.5101494
0.2419522 0.0127669 0.0001000 0.7451809
0.2104540 0.0321838 0.0228875 0.7344748
0.0475835 0.0000983 0.3573940 0.5949243
0.1371599 0.1677214 0.2360101 0.4591087
0.1921745 0.0250606 0.2441390 0.5386259
0.1767683 0.0784182 0.1976660 0.5471475
0.1953071 0.1540356 0.0001000 0.6505573
0.1317273 0.0503547 0.2909693 0.5269488
0.2194907 0.0822994 0.0399138 0.6582961
0.0888642 0.0516509 0.1260350 0.7334499
0.1835018 0.1224450 0.1896418 0.5044114
0.0610381 0.1245333 0.1083064 0.7061223
0.1339969 0.1118924 0.0996640 0.6544467
0.0452202 0.0021183 0.0653654 0.8872961
0.1325067 0.0862977 0.0455393 0.7356563
0.0050793 0.0088293 0.0001000 0.9859914
0.0001000 0.0283417 0.0001000 0.9714583
0.0001000 0.0300811 0.0001000 0.9697189
0.1395781 0.0001000 0.2889055 0.5714164
0.0677478 0.0197721 0.2970734 0.6154068
0.1344054 0.0280341 0.1235414 0.7140192
0.0300304 0.0597110 0.1854974 0.7247612
0.0525425 0.0000982 0.3548648 0.5924945
0.0001001 0.0532633 0.1685080 0.7781286
0.1980670 0.0000997 0.1154505 0.6863828
0.0289153 0.0608477 0.1352949 0.7749420
0.0633652 0.1585086 0.0079349 0.7701913
0.0982453 0.1247789 0.1426091 0.6343667
0.2183740 0.0555826 0.1446141 0.5814293
0.1129064 0.0592591 0.1532690 0.6745654
0.1513179 0.0941505 0.0089388 0.7455927
0.1250909 0.1192850 0.0266708 0.7289533
0.0970739 0.1388564 0.2820163 0.4820533
0.1637260 0.1053832 0.1217300 0.6091608
0.0001001 0.3082089 0.1714363 0.5202547
0.0001001 0.3325933 0.1258228 0.5414838
0.0008750 0.1053041 0.0023629 0.8914579
0.0866951 0.0958747 0.1528328 0.6645975
0.0984920 0.0732472 0.0770755 0.7511853
0.0001001 0.1877771 0.1579419 0.6541810
0.0350967 0.1181027 0.1208757 0.7259249
0.1088141 0.5442840 0.0001000 0.3468019
0.0615412 0.1022146 0.1974098 0.6388345
0.0416863 0.2099915 0.2212934 0.5270289
0.0001000 0.0123314 0.9874687 0.0001000
0.0001000 0.0140681 0.9857319 0.0001000
0.0928972 0.0500985 0.3039503 0.5530539
0.1656327 0.3936295 0.0232273 0.4175105
0.0323291 0.1083527 0.1429416 0.7163766
0.0209701 0.4162529 0.1782741 0.3845029
0.0001000 0.9849804 0.0073037 0.0076159
0.0001000 0.9964614 0.0009483 0.0024902
0.0001000 0.9893028 0.0020018 0.0085953
0.0037515 0.9871792 0.0042111 0.0048582
0.0001000 0.9830419 0.0167580 0.0001000
0.0001000 0.9804778 0.0013301 0.0180920
0.0001000 0.9849486 0.0093228 0.0056286
0.0002170 0.9922993 0.0050464 0.0024374
0.0006810 0.9948903 0.0001821 0.0042465
0.0001000 0.9997001 0.0001000 0.0001000
0.0001000 0.9997000 0.0001000 0.0001000
0.0001000 0.9997001 0.0001000 0.0001000
0.0001000 0.9997001 0.0001000 0.0001000
0.0001000 0.9997001 0.0001000 0.0001000
0.0001000 0.9997001 0.0001000 0.0001000
0.0001000 0.9997001 0.0001000 0.0001000
0.0001000 0.9997001 0.0001000 0.0001000
0.0001000 0.9997001 0.0001000 0.0001000
