0.8260758 0.0000997 0.0272892 0.1465354
0.8422760 0.0000995 0.0156663 0.1419582
0.8790907 0.0000995 0.0073830 0.1134268
0.7969338 0.0000995 0.0318198 0.1711469
0.9074392 0.0000997 0.0075408 0.0849204
0.8894541 0.0000997 0.0000997 0.1103464
0.9082133 0.0000994 0.0097587 0.0819286
0.9152855 0.0000995 0.0060110 0.0786040
0.9093107 0.0000997 0.0000997 0.0904898
0.9185402 0.0005838 0.0001331 0.0807429
0.9387885 0.0047441 0.0062509 0.0502164
0.9560469 0.0013174 0.0001000 0.0425357
0.9154409 0.0000998 0.0000998 0.0843596
0.9184362 0.0000999 0.0096268 0.0718370
0.7662897 0.0000994 0.0166970 0.2169138
0.7790371 0.0000994 0.0000994 0.2207641
0.5995602 0.2446858 0.0001000 0.1556540
0.7197102 0.1915044 0.0434824 0.0453030
0.7617366 0.1931680 0.0449953 0.0001000
0.7185952 0.2069761 0.0743288 0.0000999
0.7496183 0.2501818 0.0001000 0.0001000
0.7481753 0.1681854 0.0835395 0.0000999
0.7622795 0.2323654 0.0052552 0.0001000
0.7223598 0.2030715 0.0453473 0.0292214
0.2653220 0.0000991 0.0464836 0.6880953
0.2305995 0.0000991 0.0669489 0.7023525
0.2733661 0.0000992 0.0453144 0.6812203
0.2208464 0.0089567 0.0172751 0.7529218
0.2060615 0.0000997 0.0471340 0.7467049
0.1535204 0.0000991 0.0572963 0.7890843
0.1939202 0.0000982 0.0684932 0.7374884
0.1503126 0.0038248 0.0001000 0.8457626
0.2028496 0.0000976 0.1154539 0.6815989
0.2904884 0.0263773 0.1503815 0.5327528
0.1946742 0.0000999 0.1141601 0.6910657
0.2362648 0.0000982 0.0702046 0.6934324
0.2250368 0.0000991 0.1003810 0.6744832
0.2243501 0.0000987 0.1521219 0.6234292
0.2556576 0.0000983 0.1253040 0.6189401
0.2407274 0.0000986 0.1182711 0.6409029
0.3109257 0.0432573 0.0001000 0.6457170
0.1817111 0.0371938 0.0001000 0.7809951
0.1506801 0.0000987 0.1892108 0.6600104
0.2793247 0.0225696 0.1494958 0.5486099
0.3573598 0.0130063 0.1195235 0.5101104
0.2419759 0.0127702 0.0001000 0.7451540
0.2104740 0.0321838 0.0229039 0.7344384
0.0476088 0.0000983 0.3573718 0.5949211
0.1371686 0.1677177 0.2360405 0.4590732
0.1921833 0.0250606 0.2441449 0.5386113
0.1767678 0.0784221 0.1976469 0.5471632
0.1953234 0.1540354 0.0001000 0.6505411
0.1317357 0.0503572 0.2909532 0.5269539
0.2195000 0.0822966 0.0399283 0.6582751
0.0888738 0.0516466 0.1260570 0.7334226
0.1835163 0.1224356 0.1896899 0.5043582
0.0610311 0.1245297 0.1083183 0.7061209
0.1340015 0.1118947 0.0996548 0.6544490
0.0452217 0.0021218 0.0653415 0.8873151
0.1325095 0.0863011 0.0455205 0.7356689
0.0050653 0.0088298 0.0001000 0.9860049
0.0001000 0.0283403 0.0001000 0.9714596
0.0001000 0.0300792 0.0001000 0.9697208
0.1395896 0.0001000 0.2889186 0.5713918
0.0677620 0.0197705 0.2970932 0.6153743
0.1344296 0.0280241 0.1236077 0.7139386
0.0300515 0.0596996 0.1855611 0.7246877
0.0525686 0.0000982 0.3548420 0.5924912
0.0001001 0.0532511 0.1685972 0.7780516
0.1980819 0.0000997 0.1154650 0.6863534
0.0289313 0.0608392 0.1353492 0.7748803
0.0633695 0.1585043 0.0079601 0.7701661
0.0982532 0.1247758 0.1426280 0.6343430
0.2183797 0.0555880 0.1445658 0.5814664
0.1129127 0.0592655 0.1532200 0.6746017
0.1513239 0.0941515 0.0089241 0.7456006
0.1250928 0.1192907 0.0266305 0.7289860
0.0970826 0.1388584 0.2820066 0.4820524
0.1637215 0.1053853 0.1217202 0.6091730
0.0001001 0.3082018 0.1714856 0.5202126
0.0001001 0.3325833 0.1258767 0.5414400
0.0008772 0.1052991 0.0023820 0.8914417
0.0867030 0.0958687 0.1528699 0.6645585
0.0984904 0.0732477 0.0770617 0.7512001
0.0001001 0.1877718 0.1579800 0.6541481
0.0351000 0.1181000 0.1208817 0.7259182
0.1088139 0.5442818 0.0001000 0.3468042
0.0615475 0.1022141 0.1974133 0.6388251
0.0416980 0.2099851 0.2213245 0.5269923
0.0001000 0.0123295 0.9874705 0.0001000
0.0001000 0.0140722 0.9857279 0.0001000
0.0929123 0.0500939 0.3039750 0.5530187
0.1656351 0.3936228 0.0232547 0.4174874
0.0323435 0.1083417 0.1429975 0.7163173
0.0209726 0.4162548 0.1782736 0.3844990
0.0001000 0.9849750 0.0073079 0.0076171
0.0001000 0.9964638 0.0009522 0.0024841
0.0001000 0.9893027 0.0020057 0.0085917
0.0037390 0.9871784 0.0042168 0.0048658
0.0001000 0.9830472 0.0167528 0.0001000
0.0001000 0.9804915 0.0012997 0.0181088
0.0001000 0.9849614 0.0093180 0.0056206
0.0002095 0.9922938 0.0050530 0.0024436
0.0006724 0.9948829 0.0001866 0.0042581
0.0001000 0.9997001 0.0001000 0.0001000
0.0001000 0.9997000 0.0001000 0.0001000
0.0001000 0.9997001 0.0001000 0.0001000
0.0001000 0.9997001 0.0001000 0.0001000
0.0001000 0.9997001 0.0001000 0.0001000
0.0001000 0.9997001 0.0001000 0.0001000
0.0001000 0.9997001 0.0001000 0.0001000
0.0001000 0.9997001 0.0001000 0.0001000
0.0001000 0.9997001 0.0001000 0.0001000
