0.8786000 0.1776688 0.1439490 0.1645544 0.1488838 0.1434384 0.1469748 0.1524673 0.1470701 0.1434374 0.1442482 0.1517313 0.1420726 0.1402088 0.1345860 0.1373171 0.0321176 0.0517075 0.0534281 0.0480786 0.0447428 0.0679637 0.0475493 0.0518867 0.0708120 0.0658683 0.0703478 0.0556258 0.0591621 0.0564880 0.0674598 0.0558249 0.0679613 0.0546697 0.0536402 0.0709985 0.0620956 0.0604174 0.0691018 0.0638424 0.0551932 0.0486006 0.0492841 0.0488033 0.0639919 0.0620816 0.0510778 0.0337292 -0.0157517 0.0344409 0.0179737 0.0097070 0.0143509 0.0323512 0.0202744 0.0074429 -0.0015517 0.0081659 0.0403456 0.0220675 0.0437227 0.0270319 0.0254523 0.0378550 0.0152879 0.0367554 0.0084322 0.0349563 0.0053701 0.0525941 0.0125942 -0.0062023 -0.0018073 0.0336547 0.0177211 0.0215370 0.0137874 -0.0126391 0.0118411 -0.0718468 -0.0810879 0.0031121 0.0055362 0.0193633 -0.0322990 -0.0065848 -0.1213760 -0.0006172 -0.0369663 -0.0326153 -0.0330166 0.0105265 -0.0667671 -0.0020175 -0.1048297 -0.2736531 -0.2765949 -0.2755391 -0.2735257 -0.2734271 -0.2722904 -0.2729165 -0.2739948 -0.2752814 -0.2770712 -0.2793342 -0.2781297 -0.2779738 -0.2790805 -0.2793151 -0.2782087 -0.2819272 -0.2777727
0.1776688 0.8863205 0.1470530 0.1744120 0.1510510 0.1502308 0.1523747 0.1549171 0.1499515 0.1477100 0.1504532 0.1538753 0.1508520 0.1455984 0.1377123 0.1422732 0.0288177 0.0558883 0.0586220 0.0517188 0.0416330 0.0676313 0.0503913 0.0473348 0.0722239 0.0672552 0.0735692 0.0586316 0.0621135 0.0594322 0.0696104 0.0605386 0.0676198 0.0566049 0.0540396 0.0727359 0.0628556 0.0642563 0.0725608 0.0675265 0.0584615 0.0499551 0.0504327 0.0531033 0.0653363 0.0642362 0.0480595 0.0312189 -0.0163540 0.0394184 0.0182866 0.0090709 0.0155339 0.0316309 0.0211016 0.0075887 -0.0037909 0.0098705 0.0420011 0.0237894 0.0425787 0.0291166 0.0280638 0.0385458 0.0191678 0.0382255 0.0122636 0.0329318 0.0050591 0.0541047 0.0131409 -0.0066006 -0.0014486 0.0333338 0.0186489 0.0268884 0.0115054 -0.0142957 0.0142771 -0.0757416 -0.0826560 0.0028283 0.0055164 0.0175020 -0.0360252 -0.0050782 -0.1242439 0.0023772 -0.0385565 -0.0345332 -0.0363516 0.0124210 -0.0698023 0.0016497 -0.1059429 -0.2821347 -0.2860360 -0.2836875 -0.2816090 -0.2823710 -0.2821370 -0.2812512 -0.2856094 -0.2848233 -0.2865312 -0.2863003 -0.2887225 -0.2865342 -0.2878685 -0.2871713 -0.2874434 -0.2911003 -0.2870481
0.1439490 0.1470530 0.8817580 0.1434398 0.1887885 0.1827366 0.2003443 0.1900923 0.1538228 0.1522848 0.1532617 0.1563605 0.1528637 0.1495523 0.1424150 0.1449240 0.0363731 0.0546227 0.0633181 0.0499292 0.0464039 0.0706770 0.0527881 0.0512357 0.0705585 0.0662398 0.0748646 0.0621229 0.0608397 0.0604126 0.0717159 0.0584054 0.0699702 0.0569255 0.0562291 0.0760995 0.0669129 0.0611100 0.0717102 0.0697084 0.0626338 0.0531066 0.0486178 0.0504187 0.0686017 0.0684359 0.0506760 0.0305175 -0.0202392 0.0336958 0.0211059 0.0078120 0.0158532 0.0319461 0.0202126 0.0071866 -0.0013987 0.0074784 0.0372127 0.0219266 0.0419197 0.0253609 0.0255953 0.0328761 0.0131947 0.0315250 0.0082180 0.0314785 0.0030335 0.0504535 0.0111536 -0.0062357 -0.0026516 0.0348198 0.0203896 0.0230710 0.0106973 -0.0164932 0.0129507 -0.0794690 -0.0898975 0.0024612 0.0071046 0.0168523 -0.0372508 -0.0052989 -0.1236599 -0.0067878 -0.0413690 -0.0354224 -0.0364694 0.0096441 -0.0723104 -0.0020463 -0.1108261 -0.2848086 -0.2888187 -0.2875021 -0.2833919 -0.2836283 -0.2828196 -0.2845448 -0.2852728 -0.2876354 -0.2892532 -0.2900153 -0.2908796 -0.2896200 -0.2900813 -0.2908266 -0.2900970 -0.2939826 -0.2912036
0.1645544 0.1744120 0.1434398 0.8866182 0.1437902 0.1438954 0.1433838 0.1495171 0.1452651 0.1393437 0.1446597 0.1458829 0.1394825 0.1399603 0.1332044 0.1368119 0.0317633 0.0517364 0.0557624 0.0459966 0.0394323 0.0642396 0.0480421 0.0492816 0.0719245 0.0649759 0.0725276 0.0614650 0.0615901 0.0588317 0.0683446 0.0586011 0.0691309 0.0554905 0.0553800 0.0704633 0.0631821 0.0645784 0.0702322 0.0667152 0.0581000 0.0515157 0.0546767 0.0530626 0.0671316 0.0641462 0.0493905 0.0339897 -0.0146746 0.0374190 0.0225339 0.0085841 0.0158427 0.0326010 0.0244527 0.0076956 0.0001148 0.0117584 0.0418953 0.0258481 0.0418031 0.0280330 0.0282925 0.0390569 0.0203006 0.0348532 0.0089285 0.0363069 0.0059946 0.0549731 0.0136716 -0.0025743 -0.0018537 0.0343527 0.0210324 0.0237927 0.0130259 -0.0115815 0.0138850 -0.0730587 -0.0808873 0.0047438 0.0104650 0.0209727 -0.0337771 -0.0058830 -0.1226317 0.0006089 -0.0378462 -0.0312178 -0.0309024 0.0141759 -0.0681924 0.0006233 -0.1028708 -0.2765855 -0.2793894 -0.2767872 -0.2746384 -0.2765764 -0.2744423 -0.2755414 -0.2776467 -0.2783242 -0.2812151 -0.2808147 -0.2815986 -0.2811430 -0.2810712 -0.2809100 -0.2800458 -0.2849924 -0.2795261
0.1488838 0.1510510 0.1887885 0.1437902 0.8942936 0.1974253 0.2021877 0.1996288 0.1563075 0.1539040 0.1558886 0.1601860 0.1546523 0.1520628 0.1421189 0.1481070 0.0359910 0.0612427 0.0636108 0.0566895 0.0505405 0.0759142 0.0588921 0.0562722 0.0724779 0.0646466 0.0737226 0.0584573 0.0595839 0.0569958 0.0697905 0.0571978 0.0677240 0.0560313 0.0509542 0.0735687 0.0622179 0.0614557 0.0727383 0.0655574 0.0641810 0.0512378 0.0465397 0.0511558 0.0676872 0.0640104 0.0507049 0.0252726 -0.0183959 0.0342690 0.0171128 0.0106215 0.0116620 0.0318308 0.0174768 0.0050090 -0.0047642 0.0066853 0.0358037 0.0157326 0.0401627 0.0267049 0.0233681 0.0330837 0.0156303 0.0339904 0.0059125 0.0262235 0.0011069 0.0542973 0.0082698 -0.0101121 -0.0063487 0.0335687 0.0186591 0.0230859 0.0088593 -0.0188128 0.0113447 -0.0806505 -0.0917798 0.0000689 0.0024187 0.0147267 -0.0372845 -0.0068147 -0.1234675 -0.0065243 -0.0410980 -0.0386835 -0.0392339 0.0092866 -0.0711569 -0.0074367 -0.1077810 -0.2830561 -0.2851510 -0.2832686 -0.2800619 -0.2813462 -0.2801214 -0.2813753 -0.2819640 -0.2824814 -0.2849420 -0.2874889 -0.2873691 -0.2865416 -0.2876475 -0.2867335 -0.2863922 -0.2915273 -0.2861430
0.1434384 0.1502308 0.1827366 0.1438954 0.1974253 0.8905295 0.1954709 0.1934815 0.1541751 0.1523877 0.1541966 0.1600401 0.1514855 0.1502683 0.1415219 0.1469165 0.0362012 0.0563815 0.0629549 0.0533686 0.0472716 0.0716321 0.0549254 0.0531560 0.0736928 0.0678460 0.0739525 0.0594543 0.0623292 0.0604975 0.0667709 0.0567303 0.0706837 0.0557566 0.0506052 0.0712982 0.0595064 0.0575972 0.0665324 0.0660568 0.0616960 0.0504942 0.0502306 0.0499920 0.0677240 0.0639102 0.0504805 0.0258582 -0.0187395 0.0322601 0.0147354 0.0103419 0.0128093 0.0321327 0.0167420 0.0078191 -0.0078314 0.0059132 0.0347413 0.0180845 0.0401944 0.0236153 0.0227737 0.0354289 0.0152439 0.0349258 0.0062932 0.0268180 0.0045407 0.0536332 0.0069333 -0.0095374 -0.0055771 0.0328021 0.0179300 0.0222524 0.0105958 -0.0198985 0.0125883 -0.0787366 -0.0913396 0.0011038 0.0062248 0.0167322 -0.0386433 -0.0031753 -0.1233142 -0.0068919 -0.0403402 -0.0400425 -0.0415507 0.0094937 -0.0695972 -0.0073790 -0.1063274 -0.2821583 -0.2839338 -0.2840581 -0.2803189 -0.2806944 -0.2797519 -0.2812930 -0.2831551 -0.2820781 -0.2868426 -0.2861034 -0.2864886 -0.2873003 -0.2879800 -0.2859798 -0.2852290 -0.2888921 -0.2876009
0.1469748 0.1523747 0.2003443 0.1433838 0.2021877 0.1954709 0.8876309 0.2067165 0.1566323 0.1552875 0.1571139 0.1624682 0.1541620 0.1554298 0.1416210 0.1495291 0.0330555 0.0570324 0.0639626 0.0557647 0.0471265 0.0712896 0.0551761 0.0491316 0.0734246 0.0679724 0.0750932 0.0619873 0.0620670 0.0622704 0.0702844 0.0602047 0.0717937 0.0580041 0.0559590 0.0755163 0.0618743 0.0630594 0.0730844 0.0721437 0.0633708 0.0507563 0.0500873 0.0517893 0.0672074 0.0645914 0.0512146 0.0280811 -0.0182352 0.0343614 0.0184756 0.0090013 0.0132780 0.0330852 0.0168409 0.0072414 -0.0020342 0.0064811 0.0362083 0.0150221 0.0400456 0.0279540 0.0254953 0.0369585 0.0185784 0.0373643 0.0100810 0.0301615 0.0036687 0.0566099 0.0097271 -0.0082836 -0.0049734 0.0347060 0.0202859 0.0245619 0.0107369 -0.0165600 0.0122911 -0.0801245 -0.0909173 0.0017468 0.0069405 0.0152706 -0.0373511 -0.0047842 -0.1286238 -0.0068838 -0.0411445 -0.0363906 -0.0378093 0.0083701 -0.0737398 -0.0069781 -0.1123751 -0.2909791 -0.2949601 -0.2925833 -0.2908984 -0.2911549 -0.2883238 -0.2918331 -0.2930201 -0.2926745 -0.2958471 -0.2959430 -0.2979900 -0.2953103 -0.2975006 -0.2963556 -0.2969334 -0.2971939 -0.2963534
0.1524673 0.1549171 0.1900923 0.1495171 0.1996288 0.1934815 0.2067165 0.8965393 0.1613321 0.1561277 0.1602498 0.1674509 0.1562707 0.1573313 0.1465686 0.1500193 0.0372195 0.0579146 0.0686521 0.0574121 0.0507916 0.0771498 0.0584404 0.0518887 0.0731212 0.0686203 0.0740222 0.0604501 0.0610562 0.0584805 0.0692251 0.0589940 0.0716039 0.0575036 0.0535671 0.0751480 0.0631085 0.0626302 0.0723732 0.0690455 0.0642838 0.0504783 0.0498289 0.0526463 0.0659650 0.0667021 0.0497308 0.0277322 -0.0193557 0.0343128 0.0151458 0.0128587 0.0116934 0.0335570 0.0192773 0.0057728 -0.0042181 0.0034766 0.0332214 0.0183700 0.0408433 0.0248222 0.0234905 0.0327031 0.0149195 0.0355327 0.0062094 0.0284025 0.0036748 0.0536956 0.0091577 -0.0076212 -0.0055046 0.0363069 0.0182177 0.0241651 0.0109306 -0.0186495 0.0122170 -0.0807820 -0.0918538 -0.0003985 0.0060576 0.0163982 -0.0356276 -0.0063051 -0.1263154 -0.0034419 -0.0421496 -0.0389145 -0.0404011 0.0090760 -0.0720868 -0.0046444 -0.1088623 -0.2891112 -0.2919888 -0.2899831 -0.2870986 -0.2886628 -0.2871850 -0.2886686 -0.2905403 -0.2910689 -0.2929555 -0.2944089 -0.2936185 -0.2940962 -0.2942997 -0.2943161 -0.2931391 -0.2973717 -0.2936154
0.1470701 0.1499515 0.1538228 0.1452651 0.1563075 0.1541751 0.1566323 0.1613321 0.8987196 0.1882705 0.1972308 0.1944229 0.1912967 0.1854100 0.1491970 0.1547747 0.0372430 0.0607620 0.0659368 0.0617976 0.0502940 0.0754336 0.0610448 0.0563637 0.0730289 0.0639509 0.0724684 0.0607075 0.0605586 0.0585175 0.0669700 0.0591971 0.0686139 0.0561056 0.0507985 0.0717388 0.0610402 0.0601817 0.0679472 0.0659212 0.0614450 0.0448682 0.0462575 0.0556221 0.0698228 0.0643232 0.0529055 0.0276084 -0.0194204 0.0332552 0.0191329 0.0043980 0.0104498 0.0320670 0.0221857 0.0068443 -0.0067947 0.0087420 0.0332869 0.0188062 0.0373196 0.0233230 0.0231872 0.0322568 0.0133132 0.0360121 0.0070556 0.0288734 0.0019923 0.0542737 0.0087251 -0.0085181 -0.0008687 0.0318634 0.0163466 0.0208595 0.0049616 -0.0177090 0.0121548 -0.0799207 -0.0871300 0.0008164 -0.0005502 0.0177397 -0.0407822 -0.0088851 -0.1205187 -0.0033323 -0.0422189 -0.0453336 -0.0455967 0.0103630 -0.0728287 -0.0051576 -0.1094921 -0.2850266 -0.2872042 -0.2845352 -0.2822952 -0.2826639 -0.2826000 -0.2838715 -0.2853022 -0.2860543 -0.2874034 -0.2891889 -0.2876627 -0.2885379 -0.2892464 -0.2878023 -0.2893752 -0.2940800 -0.2880219
0.1434374 0.1477100 0.1522848 0.1393437 0.1539040 0.1523877 0.1552875 0.1561277 0.1882705 0.8928325 0.1849955 0.1909632 0.1993289 0.1838252 0.1416820 0.1493513 0.0354113 0.0590888 0.0619429 0.0607517 0.0501161 0.0731859 0.0587468 0.0573072 0.0695843 0.0630233 0.0692732 0.0595690 0.0584561 0.0545024 0.0640201 0.0554833 0.0671166 0.0541837 0.0511758 0.0714422 0.0567409 0.0571324 0.0690006 0.0659330 0.0576609 0.0460380 0.0459030 0.0540432 0.0660123 0.0607340 0.0484805 0.0271238 -0.0214177 0.0329509 0.0167356 0.0097523 0.0111525 0.0333611 0.0157172 0.0066369 -0.0063435 0.0052806 0.0323201 0.0175712 0.0369464 0.0221635 0.0199438 0.0293658 0.0142114 0.0334210 0.0046660 0.0277274 -0.0001634 0.0488955 0.0057556 -0.0088069 -0.0030160 0.0297598 0.0144127 0.0206498 0.0059753 -0.0180310 0.0113226 -0.0775055 -0.0893054 -0.0006406 0.0019650 0.0163689 -0.0414024 -0.0070081 -0.1199793 -0.0078035 -0.0420986 -0.0430607 -0.0429033 0.0078628 -0.0702134 -0.0080831 -0.1051960 -0.2778023 -0.2791936 -0.2794220 -0.2745197 -0.2750107 -0.2738294 -0.2769326 -0.2765942 -0.2780573 -0.2797911 -0.2816536 -0.2813565 -0.2798961 -0.2813765 -0.2810574 -0.2806417 -0.2843151 -0.2812203
0.1442482 0.1504532 0.1532617 0.1446597 0.1558886 0.1541966 0.1571139 0.1602498 0.1972308 0.1849955 0.9162307 0.2024575 0.1902807 0.1862846 0.1485822 0.1510580 0.0422670 0.0649839 0.0726684 0.0640958 0.0569015 0.0793940 0.0648336 0.0596128 0.0667671 0.0599979 0.0681171 0.0578797 0.0581488 0.0524185 0.0633750 0.0518143 0.0631404 0.0528015 0.0481328 0.0689565 0.0582862 0.0562612 0.0663949 0.0614852 0.0592145 0.0456620 0.0442252 0.0515129 0.0657367 0.0615373 0.0469733 0.0219498 -0.0206970 0.0290983 0.0175908 0.0057105 0.0086227 0.0283056 0.0159959 0.0043679 -0.0086370 0.0065579 0.0320069 0.0188387 0.0323316 0.0173285 0.0165917 0.0285495 0.0092106 0.0311339 0.0026695 0.0231931 -0.0034334 0.0458024 0.0031598 -0.0122405 -0.0050822 0.0296816 0.0151999 0.0186584 0.0048706 -0.0181436 0.0067329 -0.0789059 -0.0890249 -0.0041373 0.0014759 0.0129942 -0.0435772 -0.0129381 -0.1172400 -0.0075313 -0.0458478 -0.0456493 -0.0456328 0.0078810 -0.0711477 -0.0067397 -0.1074187 -0.2711761 -0.2744123 -0.2729016 -0.2686398 -0.2706143 -0.2698548 -0.2710146 -0.2721430 -0.2721944 -0.2724113 -0.2756102 -0.2755854 -0.2752245 -0.2769589 -0.2749584 -0.2775831 -0.2815050 -0.2754121
0.1517313 0.1538753 0.1563605 0.1458829 0.1601860 0.1600401 0.1624682 0.1674509 0.1944229 0.1909632 0.2024575 0.9104194 0.1955561 0.1901481 0.1460300 0.1565837 0.0391891 0.0646356 0.0694279 0.0632776 0.0528915 0.0799762 0.0640775 0.0580216 0.0675282 0.0599669 0.0699997 0.0580638 0.0576443 0.0525013 0.0630810 0.0538922 0.0647894 0.0539364 0.0526474 0.0725065 0.0597069 0.0559958 0.0676604 0.0627681 0.0610262 0.0450935 0.0472305 0.0514650 0.0682065 0.0603894 0.0500509 0.0224798 -0.0237419 0.0293056 0.0159681 0.0065131 0.0111293 0.0323401 0.0160792 0.0028623 -0.0076778 0.0096780 0.0309606 0.0154593 0.0323412 0.0182691 0.0175827 0.0280977 0.0114728 0.0308527 0.0045483 0.0241780 -0.0021710 0.0504611 0.0065948 -0.0124714 -0.0049552 0.0276627 0.0122949 0.0206298 0.0048865 -0.0218396 0.0100576 -0.0784882 -0.0899496 -0.0039827 0.0004005 0.0113779 -0.0459494 -0.0110284 -0.1177401 -0.0091778 -0.0449135 -0.0462198 -0.0466313 0.0042054 -0.0691412 -0.0113646 -0.1094098 -0.2790822 -0.2803280 -0.2789032 -0.2760976 -0.2773333 -0.2769011 -0.2779083 -0.2776752 -0.2806158 -0.2794098 -0.2816052 -0.2819954 -0.2818335 -0.2818928 -0.2811667 -0.2828413 -0.2864678 -0.2827018
0.1420726 0.1508520 0.1528637 0.1394825 0.1546523 0.1514855 0.1541620 0.1562707 0.1912967 0.1993289 0.1902807 0.1955561 0.8994451 0.1916731 0.1452205 0.1502221 0.0331172 0.0600626 0.0646220 0.0581108 0.0492854 0.0749670 0.0589908 0.0546204 0.0694093 0.0632021 0.0740098 0.0592355 0.0604223 0.0564262 0.0661442 0.0571349 0.0692135 0.0555317 0.0492087 0.0718565 0.0620237 0.0612035 0.0711204 0.0644992 0.0590906 0.0462494 0.0483623 0.0566722 0.0671122 0.0632200 0.0526795 0.0247108 -0.0203320 0.0341159 0.0145133 0.0109122 0.0149432 0.0288027 0.0196988 0.0053962 -0.0068254 0.0081607 0.0361953 0.0177200 0.0399577 0.0224643 0.0219475 0.0297748 0.0168055 0.0348647 0.0047531 0.0269245 0.0003562 0.0513745 0.0073570 -0.0080943 -0.0056097 0.0327155 0.0162729 0.0229316 0.0071257 -0.0166469 0.0120148 -0.0810208 -0.0896285 -0.0019060 0.0003599 0.0171227 -0.0421554 -0.0091332 -0.1224880 -0.0066871 -0.0429700 -0.0435387 -0.0434463 0.0085237 -0.0738961 -0.0057750 -0.1097144 -0.2826162 -0.2855730 -0.2837901 -0.2786885 -0.2800541 -0.2801057 -0.2820793 -0.2826699 -0.2838534 -0.2849168 -0.2876594 -0.2861196 -0.2873626 -0.2881937 -0.2869763 -0.2865461 -0.2919098 -0.2872624
0.1402088 0.1455984 0.1495523 0.1399603 0.1520628 0.1502683 0.1554298 0.1573313 0.1854100 0.1838252 0.1862846 0.1901481 0.1916731 0.9011407 0.1450631 0.1437835 0.0391582 0.0608383 0.0668703 0.0563290 0.0498746 0.0754508 0.0577858 0.0565426 0.0709602 0.0585305 0.0684198 0.0593659 0.0603595 0.0536924 0.0627146 0.0550507 0.0634383 0.0542479 0.0506073 0.0712754 0.0611303 0.0573701 0.0675355 0.0663509 0.0579033 0.0475936 0.0487587 0.0530221 0.0656565 0.0627157 0.0504204 0.0279457 -0.0198430 0.0321043 0.0166497 0.0080496 0.0109141 0.0289794 0.0186315 0.0069382 -0.0081945 0.0074632 0.0354306 0.0184069 0.0377863 0.0212281 0.0205860 0.0320477 0.0144284 0.0321319 0.0041296 0.0295140 0.0009557 0.0495299 0.0060147 -0.0112201 -0.0040703 0.0317023 0.0172960 0.0240410 0.0091893 -0.0177568 0.0103550 -0.0792013 -0.0878605 -0.0032570 0.0015258 0.0149330 -0.0420996 -0.0087188 -0.1199194 -0.0072814 -0.0429287 -0.0416689 -0.0419525 0.0095676 -0.0725511 -0.0008780 -0.1084188 -0.2776227 -0.2798683 -0.2784322 -0.2759636 -0.2766097 -0.2748863 -0.2777939 -0.2775838 -0.2791016 -0.2793915 -0.2818700 -0.2819876 -0.2804147 -0.2829785 -0.2821098 -0.2816185 -0.2850824 -0.2827540
0.1345860 0.1377123 0.1424150 0.1332044 0.1421189 0.1415219 0.1416210 0.1465686 0.1491970 0.1416820 0.1485822 0.1460300 0.1452205 0.1450631 0.8796135 0.1392808 0.0291925 0.0483634 0.0532578 0.0425535 0.0384467 0.0662373 0.0449983 0.0440193 0.0710849 0.0676952 0.0758319 0.0620881 0.0638950 0.0616906 0.0720357 0.0591536 0.0718931 0.0569812 0.0594225 0.0721706 0.0633443 0.0665357 0.0714740 0.0695743 0.0599350 0.0520874 0.0529252 0.0555952 0.0658357 0.0682416 0.0491286 0.0365402 -0.0153641 0.0374412 0.0238580 0.0110508 0.0179759 0.0364380 0.0272336 0.0072812 0.0020019 0.0165418 0.0439761 0.0257197 0.0458962 0.0322277 0.0292488 0.0349784 0.0223706 0.0369784 0.0141989 0.0378425 0.0089686 0.0554016 0.0157940 -0.0010224 0.0030299 0.0334781 0.0217175 0.0245771 0.0112273 -0.0123142 0.0159376 -0.0693559 -0.0797019 0.0095832 0.0136661 0.0231876 -0.0302442 -0.0013924 -0.1211825 0.0016236 -0.0351655 -0.0298358 -0.0299077 0.0132851 -0.0664130 0.0002567 -0.1011553 -0.2780964 -0.2828712 -0.2825038 -0.2788006 -0.2785930 -0.2768256 -0.2810104 -0.2809340 -0.2812551 -0.2842080 -0.2848544 -0.2847912 -0.2844648 -0.2847641 -0.2855349 -0.2850269 -0.2881122 -0.2857819
0.1373171 0.1422732 0.1449240 0.1368119 0.1481070 0.1469165 0.1495291 0.1500193 0.1547747 0.1493513 0.1510580 0.1565837 0.1502221 0.1437835 0.1392808 0.8831649 0.0260216 0.0513658 0.0547907 0.0502280 0.0402118 0.0651504 0.0477728 0.0475925 0.0741627 0.0716187 0.0769182 0.0621851 0.0660532 0.0626487 0.0734003 0.0649875 0.0782513 0.0572348 0.0592310 0.0768306 0.0633464 0.0671093 0.0729069 0.0686171 0.0631242 0.0538041 0.0574690 0.0533696 0.0666223 0.0693279 0.0541761 0.0330777 -0.0138818 0.0365118 0.0233604 0.0104695 0.0172932 0.0371206 0.0249043 0.0069454 -0.0005593 0.0151837 0.0418448 0.0249586 0.0472447 0.0312468 0.0300006 0.0365524 0.0232066 0.0407215 0.0140435 0.0352350 0.0070085 0.0557122 0.0174829 -0.0040462 0.0029914 0.0369689 0.0204371 0.0297607 0.0128164 -0.0135017 0.0156913 -0.0706116 -0.0812894 0.0080852 0.0082922 0.0195167 -0.0305717 -0.0022466 -0.1223363 0.0011800 -0.0358909 -0.0332075 -0.0332830 0.0150159 -0.0498779 -0.0025648 -0.1045242 -0.2834367 -0.2867353 -0.2855100 -0.2796999 -0.2825180 -0.2798969 -0.2830168 -0.2841610 -0.2858208 -0.2871313 -0.2889818 -0.2888649 -0.2885601 -0.2897782 -0.2894532 -0.2894681 -0.2922190 -0.2891614
0.0321176 0.0288177 0.0363731 0.0317633 0.0359910 0.0362012 0.0330555 0.0372195 0.0372430 0.0354113 0.0422670 0.0391891 0.0331172 0.0391582 0.0291925 0.0260216 0.9830093 0.0444351 0.0508484 0.0651547 0.0622982 0.0471765 0.0530833 0.0623840 -0.0162401 -0.0194253 -0.0165439 -0.0129415 -0.0220845 -0.0242899 -0.0256792 -0.0287032 -0.0266460 -0.0083211 -0.0155879 -0.0195502 -0.0155611 -0.0173145 -0.0178455 -0.0185479 -0.0022880 -0.0128087 -0.0296278 -0.0151301 -0.0111360 -0.0109565 -0.0113302 -0.0389325 -0.0097594 -0.0237255 -0.0183934 -0.0089465 -0.0336308 -0.0107856 -0.0173691 -0.0204131 -0.0198308 -0.0232070 -0.0370253 -0.0205074 -0.0308103 -0.0411370 -0.0405033 -0.0271715 -0.0320840 -0.0248255 -0.0373106 -0.0378423 -0.0370214 -0.0226912 -0.0321779 -0.0206130 -0.0180916 -0.0150466 -0.0237301 -0.0227798 -0.0192797 -0.0279573 -0.0154565 -0.0203460 -0.0229524 -0.0294350 -0.0179419 -0.0229886 -0.0260477 -0.0294419 -0.0024973 -0.0238875 -0.0202757 -0.0561519 -0.0555748 -0.0380929 -0.0088719 -0.0221457 -0.0147000 0.0123534 0.0127042 0.0125825 0.0143408 0.0129010 0.0121216 0.0134686 0.0149838 0.0134968 0.0151258 0.0134204 0.0123733 0.0136338 0.0127902 0.0132878 0.0146199 0.0064401 0.0125886
0.0517075 0.0558883 0.0546227 0.0517364 0.0612427 0.0563815 0.0570324 0.0579146 0.0607620 0.0590888 0.0649839 0.0646356 0.0600626 0.0608383 0.0483634 0.0513658 0.0444351 0.9541422 0.0649930 0.0629905 0.0556981 0.0599472 0.0597202 0.0549728 0.0024747 -0.0080022 -0.0003214 -0.0042402 -0.0018683 -0.0113317 -0.0082865 -0.0110319 -0.0069886 0.0035449 -0.0099905 -0.0051631 -0.0033167 -0.0058258 -0.0025187 -0.0063019 0.0073406 -0.0121744 -0.0100272 -0.0003889 0.0067060 -0.0025403 -0.0052328 -0.0252650 -0.0206509 -0.0137956 -0.0095787 -0.0189538 -0.0222633 -0.0017039 -0.0243172 -0.0178827 -0.0221949 -0.0141315 -0.0211542 -0.0132453 -0.0205609 -0.0301647 -0.0307268 -0.0158434 -0.0230903 -0.0174038 -0.0283596 -0.0248831 -0.0344395 -0.0095323 -0.0254961 -0.0169397 -0.0172903 -0.0062680 -0.0155840 -0.0021440 -0.0158963 -0.0185425 -0.0076739 -0.0324115 -0.0381685 -0.0214993 -0.0145424 -0.0157160 -0.0253341 -0.0162342 -0.0233575 -0.0240971 -0.0267313 -0.0466091 -0.0466604 -0.0204626 -0.0149719 -0.0277831 -0.0272433 -0.0435591 -0.0462753 -0.0452730 -0.0413770 -0.0437464 -0.0432350 -0.0454918 -0.0445977 -0.0427289 -0.0421479 -0.0457760 -0.0471693 -0.0477455 -0.0466228 -0.0450095 -0.0458617 -0.0513680 -0.0443573
0.0534281 0.0586220 0.0633181 0.0557624 0.0636108 0.0629549 0.0639626 0.0686521 0.0659368 0.0619429 0.0726684 0.0694279 0.0646220 0.0668703 0.0532578 0.0547907 0.0508484 0.0649930 0.9680667 0.0656522 0.0693215 0.0674438 0.0619921 0.0615449 0.0005331 -0.0032303 0.0037160 -0.0048214 -0.0062620 -0.0131765 -0.0087761 -0.0129038 -0.0095889 0.0024707 -0.0156585 -0.0009177 -0.0065614 -0.0086109 -0.0036666 -0.0016642 0.0046377 -0.0109428 -0.0156490 -0.0050258 0.0139282 -0.0011367 -0.0082982 -0.0273266 -0.0171074 -0.0113088 -0.0122840 -0.0190468 -0.0183232 -0.0038859 -0.0192854 -0.0110267 -0.0281724 -0.0200366 -0.0250515 -0.0121429 -0.0241994 -0.0318831 -0.0313625 -0.0127258 -0.0274763 -0.0189283 -0.0295024 -0.0253038 -0.0404481 -0.0102031 -0.0331690 -0.0283479 -0.0223005 -0.0063988 -0.0195234 -0.0111715 -0.0160436 -0.0264314 -0.0146735 -0.0324080 -0.0339001 -0.0310492 -0.0137496 -0.0249919 -0.0334847 -0.0234010 -0.0274135 -0.0260417 -0.0405241 -0.0504509 -0.0521232 -0.0242668 -0.0188825 -0.0272317 -0.0375367 -0.0415710 -0.0436089 -0.0439781 -0.0408175 -0.0404887 -0.0412004 -0.0423808 -0.0408996 -0.0432473 -0.0389348 -0.0431400 -0.0452079 -0.0427726 -0.0428791 -0.0442124 -0.0421412 -0.0456351 -0.0448412
0.0480786 0.0517188 0.0499292 0.0459966 0.0566895 0.0533686 0.0557647 0.0574121 0.0617976 0.0607517 0.0640958 0.0632776 0.0581108 0.0563290 0.0425535 0.0502280 0.0651547 0.0629905 0.0656522 0.9944854 0.0632438 0.0752623 0.0816496 0.0610914 -0.0092803 -0.0147625 -0.0096349 -0.0138739 -0.0172598 -0.0237386 -0.0232823 -0.0229458 -0.0193009 -0.0045359 -0.0191403 -0.0120689 -0.0092052 -0.0180832 -0.0128324 -0.0162258 -0.0071854 -0.0197557 -0.0294961 -0.0123477 -0.0014160 -0.0152614 -0.0206286 -0.0321980 -0.0189277 -0.0171256 -0.0142056 -0.0110726 -0.0174846 -0.0111698 -0.0273890 -0.0294798 -0.0286302 -0.0189432 -0.0324106 -0.0154134 -0.0329778 -0.0414952 -0.0420234 -0.0307904 -0.0304021 -0.0277249 -0.0340602 -0.0317091 -0.0475383 -0.0157585 -0.0362260 -0.0306643 -0.0255120 -0.0026522 -0.0195483 -0.0232109 -0.0239687 -0.0316252 -0.0211004 -0.0321921 -0.0484094 -0.0367978 -0.0376446 -0.0221400 -0.0426944 -0.0294495 -0.0084894 -0.0245431 -0.0264746 -0.0516197 -0.0522368 -0.0291368 -0.0064758 -0.0467459 -0.0228332 -0.0130238 -0.0145185 -0.0131389 -0.0100540 -0.0094243 -0.0126142 -0.0139229 -0.0083485 -0.0093897 -0.0085156 -0.0101747 -0.0117372 -0.0095084 -0.0116819 -0.0090696 -0.0106828 -0.0141126 -0.0137733
0.0447428 0.0416330 0.0464039 0.0394323 0.0505405 0.0472716 0.0471265 0.0507916 0.0502940 0.0501161 0.0569015 0.0528915 0.0492854 0.0498746 0.0384467 0.0402118 0.0622982 0.0556981 0.0693215 0.0632438 1.0053847 0.0696809 0.0676140 0.0676058 -0.0176937 -0.0185444 -0.0100540 -0.0197312 -0.0234045 -0.0326377 -0.0235405 -0.0308094 -0.0296614 -0.0096802 -0.0273476 -0.0215382 -0.0269620 -0.0208705 -0.0201890 -0.0192389 -0.0041785 -0.0214387 -0.0323944 -0.0172615 -0.0074649 -0.0153032 -0.0195585 -0.0477945 -0.0164516 -0.0204328 -0.0245533 -0.0094101 -0.0263531 -0.0203010 -0.0361268 -0.0248063 -0.0317776 -0.0314153 -0.0432757 -0.0247693 -0.0397502 -0.0421599 -0.0439970 -0.0269606 -0.0381204 -0.0329331 -0.0404288 -0.0486278 -0.0475655 -0.0212422 -0.0357376 -0.0264694 -0.0254976 -0.0159813 -0.0257432 -0.0308819 -0.0238153 -0.0203107 -0.0254218 -0.0289779 -0.0332954 -0.0377869 -0.0304642 -0.0237978 -0.0376598 -0.0376956 0.0019217 -0.0286802 -0.0237812 -0.0582970 -0.0592686 -0.0290045 -0.0041050 -0.0269189 -0.0213051 0.0111397 0.0135186 0.0139711 0.0155031 0.0145965 0.0130989 0.0126672 0.0152461 0.0141305 0.0161643 0.0127261 0.0127453 0.0147939 0.0120456 0.0148442 0.0137549 0.0078033 0.0137342
0.0679637 0.0676313 0.0706770 0.0642396 0.0759142 0.0716321 0.0712896 0.0771498 0.0754336 0.0731859 0.0793940 0.0799762 0.0749670 0.0754508 0.0662373 0.0651504 0.0471765 0.0599472 0.0674438 0.0752623 0.0696809 0.9770294 0.0738572 0.0709422 -0.0018944 -0.0001415 0.0033338 0.0020380 -0.0074184 -0.0141989 -0.0078114 -0.0109228 -0.0080730 0.0046623 -0.0091737 -0.0014459 -0.0050792 -0.0032391 -0.0054716 -0.0001196 0.0043793 -0.0118020 -0.0149989 -0.0017400 0.0095206 -0.0034803 -0.0084763 -0.0265056 -0.0169446 -0.0147022 -0.0079002 -0.0080657 -0.0097963 -0.0071379 -0.0239176 -0.0199941 -0.0306324 -0.0133279 -0.0190900 -0.0093476 -0.0276238 -0.0295164 -0.0302329 -0.0190634 -0.0323924 -0.0209348 -0.0337547 -0.0255638 -0.0395350 -0.0084322 -0.0351411 -0.0254028 -0.0226836 -0.0035725 -0.0180390 -0.0126049 -0.0147484 -0.0178083 -0.0014305 -0.0385675 -0.0496056 -0.0333215 -0.0283647 -0.0138751 -0.0404483 -0.0233085 -0.0276585 -0.0255750 -0.0348257 -0.0490699 -0.0489643 -0.0251061 -0.0180574 -0.0322310 -0.0379184 -0.0565690 -0.0561792 -0.0573641 -0.0526484 -0.0542308 -0.0558053 -0.0536803 -0.0535432 -0.0553897 -0.0525175 -0.0545178 -0.0542780 -0.0528406 -0.0550700 -0.0523127 -0.0570944 -0.0586817 -0.0561764
0.0475493 0.0503913 0.0527881 0.0480421 0.0588921 0.0549254 0.0551761 0.0584404 0.0610448 0.0587468 0.0648336 0.0640775 0.0589908 0.0577858 0.0449983 0.0477728 0.0530833 0.0597202 0.0619921 0.0816496 0.0676140 0.0738572 0.9832751 0.0662972 -0.0111116 -0.0186689 -0.0129917 -0.0165687 -0.0191423 -0.0249429 -0.0178823 -0.0231186 -0.0208922 -0.0058735 -0.0217158 -0.0185625 -0.0186349 -0.0190777 -0.0179841 -0.0165645 -0.0008417 -0.0179991 -0.0272148 -0.0109062 -0.0065635 -0.0110078 -0.0192134 -0.0380684 -0.0242179 -0.0189586 -0.0144090 -0.0109360 -0.0257024 -0.0134607 -0.0317385 -0.0218324 -0.0363676 -0.0154256 -0.0319128 -0.0183426 -0.0380218 -0.0417621 -0.0410382 -0.0329905 -0.0383260 -0.0249527 -0.0404838 -0.0379684 -0.0466260 -0.0189988 -0.0427970 -0.0277034 -0.0300598 -0.0079630 -0.0269420 -0.0251632 -0.0222819 -0.0311005 -0.0168757 -0.0279164 -0.0427459 -0.0345471 -0.0304428 -0.0197979 -0.0352249 -0.0299185 -0.0131618 -0.0202759 -0.0251485 -0.0585831 -0.0586305 -0.0335477 -0.0106717 -0.0361386 -0.0216752 -0.0049278 -0.0034757 -0.0063335 0.0007399 -0.0040669 -0.0017380 -0.0029192 -0.0013414 -0.0023635 0.0003367 -0.0039301 -0.0040998 -0.0014735 -0.0020621 -0.0008367 -0.0037140 -0.0077482 -0.0004145
0.0518867 0.0473348 0.0512357 0.0492816 0.0562722 0.0531560 0.0491316 0.0518887 0.0563637 0.0573072 0.0596128 0.0580216 0.0546204 0.0565426 0.0440193 0.0475925 0.0623840 0.0549728 0.0615449 0.0610914 0.0676058 0.0709422 0.0662972 0.9692783 -0.0019714 -0.0012360 -0.0045486 -0.0029582 -0.0097818 -0.0157964 -0.0127607 -0.0114051 -0.0138924 0.0006740 -0.0168264 -0.0059058 -0.0068044 -0.0056528 -0.0043814 -0.0085944 0.0052569 -0.0119909 -0.0194108 -0.0051166 0.0050060 -0.0025088 -0.0059794 -0.0321493 -0.0199827 -0.0144864 -0.0086918 -0.0051643 -0.0208912 -0.0083484 -0.0156645 -0.0191655 -0.0241232 -0.0179320 -0.0253218 -0.0202227 -0.0223620 -0.0302056 -0.0302834 -0.0236798 -0.0297411 -0.0232876 -0.0314848 -0.0312744 -0.0322212 -0.0066011 -0.0269782 -0.0171780 -0.0176168 -0.0100965 -0.0188367 -0.0125868 -0.0123301 -0.0178279 -0.0187973 -0.0322303 -0.0443807 -0.0312653 -0.0203012 -0.0186060 -0.0270974 -0.0274648 -0.0166035 -0.0278271 -0.0330034 -0.0422307 -0.0431326 -0.0274005 -0.0145529 -0.0278305 -0.0274738 -0.0339195 -0.0325015 -0.0348505 -0.0296964 -0.0301614 -0.0310393 -0.0304538 -0.0291588 -0.0301336 -0.0301401 -0.0320487 -0.0302790 -0.0339983 -0.0324014 -0.0306857 -0.0323807 -0.0357921 -0.0322387
0.0708120 0.0722239 0.0705585 0.0719245 0.0724779 0.0736928 0.0734246 0.0731212 0.0730289 0.0695843 0.0667671 0.0675282 0.0694093 0.0709602 0.0710849 0.0741627 -0.0162401 0.0024747 0.0005331 -0.0092803 -0.0176937 -0.0018944 -0.0111116 -0.0019714 0.8480690 0.0757122 0.0786870 0.0882909 0.1002858 0.1114823 0.1130812 0.0930646 0.0835216 0.0578129 0.0668581 0.0825434 0.0716122 0.0709551 0.0724938 0.0781422 0.0533595 0.0564665 0.0705668 0.0560607 0.0627326 0.0684775 0.0563094 0.0582612 -0.0021746 0.0418726 0.0280156 0.0182161 0.0302528 0.0388058 0.0372287 0.0237772 0.0232311 0.0246845 0.0636634 0.0357728 0.0627120 0.0537785 0.0538457 0.0569013 0.0470312 0.0554711 0.0404576 0.0596930 0.0467325 0.0666176 0.0420103 0.0160453 0.0162766 0.0389414 0.0382939 0.0412638 0.0252481 0.0096024 0.0221834 -0.0387361 -0.0523262 0.0328663 0.0335694 0.0417135 -0.0070052 0.0197126 -0.1115723 0.0260821 -0.0105587 0.0120932 0.0110670 0.0378207 -0.0655722 0.0255024 -0.0837827 -0.2619284 -0.2676843 -0.2626621 -0.2626116 -0.2614427 -0.2611251 -0.2604695 -0.2654567 -0.2651108 -0.2700542 -0.2687584 -0.2686805 -0.2713346 -0.2714748 -0.2719230 -0.2684080 -0.2719525 -0.2703801
0.0658683 0.0672552 0.0662398 0.0649759 0.0646466 0.0678460 0.0679724 0.0686203 0.0639509 0.0630233 0.0599979 0.0599669 0.0632021 0.0585305 0.0676952 0.0716187 -0.0194253 -0.0080022 -0.0032303 -0.0147625 -0.0185444 -0.0001415 -0.0186689 -0.0012360 0.0757122 0.8552741 0.1085415 0.0659695 0.0811122 0.0747745 0.0846033 0.0760549 0.0845415 0.0575646 0.0642281 0.0831970 0.0689046 0.0704212 0.0733820 0.0778082 0.0522928 0.0601489 0.0669701 0.0518391 0.0557156 0.0696246 0.0585080 0.0596908 0.0028684 0.0503778 0.0335717 0.0175433 0.0417132 0.0449433 0.0508999 0.0188523 0.0258129 0.0290969 0.0664825 0.0394681 0.0763856 0.0628685 0.0622986 0.0564780 0.0488565 0.0538585 0.0377964 0.0600171 0.0423337 0.0654403 0.0404482 0.0168347 0.0238822 0.0431250 0.0451852 0.0355915 0.0291902 0.0077219 0.0294002 -0.0326721 -0.0445166 0.0399589 0.0306198 0.0445727 0.0026019 0.0297598 -0.1174736 0.0270850 -0.0101885 0.0158128 0.0164757 0.0413061 -0.0589453 0.0242314 -0.0762335 -0.2544511 -0.2614905 -0.2586835 -0.2552462 -0.2569340 -0.2547776 -0.2585582 -0.2599128 -0.2599286 -0.2642279 -0.2629533 -0.2639158 -0.2639646 -0.2628528 -0.2674652 -0.2643613 -0.2643863 -0.2649611
0.0703478 0.0735692 0.0748646 0.0725276 0.0737226 0.0739525 0.0750932 0.0740222 0.0724684 0.0692732 0.0681171 0.0699997 0.0740098 0.0684198 0.0758319 0.0769182 -0.0165439 -0.0003214 0.0037160 -0.0096349 -0.0100540 0.0033338 -0.0129917 -0.0045486 0.0786870 0.1085415 0.8513011 0.0719769 0.0768307 0.0832083 0.0825920 0.0811000 0.0802237 0.0575199 0.0645625 0.0772916 0.0732756 0.0687302 0.0731520 0.0772063 0.0543784 0.0590266 0.0691294 0.0567786 0.0586712 0.0662122 0.0597561 0.0585095 -0.0012986 0.0462707 0.0262642 0.0203696 0.0344236 0.0369974 0.0422987 0.0166208 0.0224607 0.0307899 0.0635206 0.0434338 0.0699761 0.0594856 0.0587399 0.0612024 0.0521943 0.0497083 0.0393814 0.0584864 0.0423842 0.0680003 0.0460895 0.0159203 0.0151201 0.0419501 0.0438728 0.0393317 0.0247915 0.0060338 0.0269262 -0.0453201 -0.0509825 0.0381423 0.0309668 0.0392218 0.0025746 0.0237789 -0.1107774 0.0228766 -0.0111075 0.0099302 0.0096151 0.0372592 -0.0603224 0.0279101 -0.0766120 -0.2609465 -0.2667072 -0.2630128 -0.2594079 -0.2617217 -0.2587755 -0.2615143 -0.2625686 -0.2645341 -0.2674225 -0.2666968 -0.2689054 -0.2684589 -0.2687050 -0.2701381 -0.2675149 -0.2698731 -0.2685834
0.0556258 0.0586316 0.0621229 0.0614650 0.0584573 0.0594543 0.0619873 0.0604501 0.0607075 0.0595690 0.0578797 0.0580638 0.0592355 0.0593659 0.0620881 0.0621851 -0.0129415 -0.0042402 -0.0048214 -0.0138739 -0.0197312 0.0020380 -0.0165687 -0.0029582 0.0882909 0.0659695 0.0719769 0.8605303 0.1008438 0.0845499 0.0840558 0.0925485 0.0667923 0.0527623 0.0571057 0.0744271 0.0689540 0.0651798 0.0672490 0.0606296 0.0563015 0.0571299 0.0664447 0.0506840 0.0529610 0.0686858 0.0649680 0.0593397 -0.0033407 0.0398736 0.0341530 0.0191608 0.0375126 0.0446111 0.0406120 0.0134590 0.0247395 0.0236904 0.0615279 0.0315012 0.0649659 0.0574166 0.0579979 0.0535063 0.0448530 0.0484175 0.0312253 0.0597579 0.0422958 0.0635401 0.0364822 0.0191240 0.0263305 0.0338448 0.0372579 0.0339525 0.0227976 0.0051825 0.0202338 -0.0372411 -0.0438042 0.0327129 0.0295701 0.0366369 -0.0024895 0.0214961 -0.1028567 0.0228865 -0.0173227 0.0118786 0.0120422 0.0290553 -0.0636038 0.0219012 -0.0746071 -0.2386693 -0.2438863 -0.2425623 -0.2376036 -0.2373340 -0.2364862 -0.2389922 -0.2416350 -0.2436603 -0.2485147 -0.2448738 -0.2461552 -0.2472262 -0.2453862 -0.2488751 -0.2455979 -0.2485459 -0.2485811
0.0591621 0.0621135 0.0608397 0.0615901 0.0595839 0.0623292 0.0620670 0.0610562 0.0605586 0.0584561 0.0581488 0.0576443 0.0604223 0.0603595 0.0638950 0.0660532 -0.0220845 -0.0018683 -0.0062620 -0.0172598 -0.0234045 -0.0074184 -0.0191423 -0.0097818 0.1002858 0.0811122 0.0768307 0.1008438 0.8558264 0.0951342 0.0911394 0.1013801 0.0737234 0.0557693 0.0606180 0.0752936 0.0668890 0.0702076 0.0724315 0.0690352 0.0533313 0.0502337 0.0667379 0.0526596 0.0529321 0.0641900 0.0547077 0.0601061 0.0103631 0.0427109 0.0334701 0.0101823 0.0389485 0.0441569 0.0434007 0.0185379 0.0247131 0.0312675 0.0646024 0.0355635 0.0726205 0.0624064 0.0621257 0.0597418 0.0478438 0.0544388 0.0393663 0.0593404 0.0428920 0.0657748 0.0411058 0.0198792 0.0209380 0.0407035 0.0406526 0.0354702 0.0256083 0.0074370 0.0276712 -0.0344394 -0.0421387 0.0384653 0.0278973 0.0411728 -0.0015473 0.0186944 -0.1087975 0.0207164 -0.0105250 0.0179268 0.0186057 0.0347789 -0.0628772 0.0240293 -0.0752306 -0.2464229 -0.2539145 -0.2506336 -0.2487164 -0.2488015 -0.2472648 -0.2493862 -0.2529041 -0.2529711 -0.2561410 -0.2569085 -0.2555394 -0.2573336 -0.2570424 -0.2585182 -0.2570806 -0.2579171 -0.2580642
0.0564880 0.0594322 0.0604126 0.0588317 0.0569958 0.0604975 0.0622704 0.0584805 0.0585175 0.0545024 0.0524185 0.0525013 0.0564262 0.0536924 0.0616906 0.0626487 -0.0242899 -0.0113317 -0.0131765 -0.0237386 -0.0326377 -0.0141989 -0.0249429 -0.0157964 0.1114823 0.0747745 0.0832083 0.0845499 0.0951342 0.8558555 0.1135072 0.0925621 0.0754622 0.0584074 0.0676647 0.0798951 0.0743349 0.0814039 0.0726587 0.0774563 0.0524587 0.0601191 0.0774355 0.0573215 0.0613121 0.0685310 0.0617681 0.0741343 0.0045157 0.0442358 0.0304535 0.0203385 0.0398684 0.0422675 0.0534269 0.0206277 0.0246870 0.0301017 0.0671970 0.0370358 0.0774650 0.0683902 0.0694858 0.0652798 0.0513481 0.0581424 0.0447107 0.0746173 0.0539622 0.0738096 0.0484312 0.0194206 0.0266661 0.0382783 0.0392442 0.0488671 0.0253033 0.0121046 0.0285582 -0.0360655 -0.0418565 0.0448331 0.0363630 0.0430105 0.0038622 0.0293567 -0.1137403 0.0289672 -0.0101250 0.0228444 0.0230127 0.0407306 -0.0620435 0.0294550 -0.0785602 -0.2582195 -0.2661496 -0.2615002 -0.2601005 -0.2600184 -0.2580483 -0.2596958 -0.2627424 -0.2629302 -0.2677928 -0.2668822 -0.2671207 -0.2668691 -0.2690064 -0.2684900 -0.2680159 -0.2692994 -0.2690949
0.0674598 0.0696104 0.0717159 0.0683446 0.0697905 0.0667709 0.0702844 0.0692251 0.0669700 0.0640201 0.0633750 0.0630810 0.0661442 0.0627146 0.0720357 0.0734003 -0.0256792 -0.0082865 -0.0087761 -0.0232823 -0.0235405 -0.0078114 -0.0178823 -0.0127607 0.1130812 0.0846033 0.0825920 0.0840558 0.0911394 0.1135072 0.8538136 0.0941845 0.0860719 0.0626349 0.0705898 0.0889859 0.0799635 0.0829493 0.0827305 0.0835022 0.0609498 0.0624237 0.0800654 0.0598364 0.0643568 0.0795117 0.0638685 0.0735378 -0.0033822 0.0543975 0.0353690 0.0277183 0.0439589 0.0454256 0.0546867 0.0249435 0.0237278 0.0298679 0.0798240 0.0401680 0.0755278 0.0663190 0.0665378 0.0599059 0.0550178 0.0593139 0.0465609 0.0741010 0.0522558 0.0806414 0.0476408 0.0171847 0.0250500 0.0467546 0.0477888 0.0423561 0.0287148 0.0098203 0.0288477 -0.0382091 -0.0494299 0.0419935 0.0358432 0.0474134 -0.0010112 0.0274004 -0.1174906 0.0307198 -0.0098746 0.0231349 0.0233863 0.0435473 -0.0706073 0.0390941 -0.0857665 -0.2779110 -0.2844816 -0.2786290 -0.2784678 -0.2780154 -0.2757130 -0.2789172 -0.2810746 -0.2828295 -0.2857516 -0.2855673 -0.2853447 -0.2858123 -0.2868710 -0.2866982 -0.2871414 -0.2871121 -0.2863082
0.0558249 0.0605386 0.0584054 0.0586011 0.0571978 0.0567303 0.0602047 0.0589940 0.0591971 0.0554833 0.0518143 0.0538922 0.0571349 0.0550507 0.0591536 0.0649875 -0.0287032 -0.0110319 -0.0129038 -0.0229458 -0.0308094 -0.0109228 -0.0231186 -0.0114051 0.0930646 0.0760549 0.0811000 0.0925485 0.1013801 0.0925621 0.0941845 0.8536161 0.0800747 0.0555683 0.0594642 0.0816098 0.0710962 0.0696895 0.0743583 0.0684384 0.0497356 0.0565852 0.0679340 0.0522828 0.0547454 0.0684921 0.0594840 0.0621978 0.0000194 0.0467893 0.0291105 0.0226712 0.0341595 0.0461864 0.0481941 0.0236431 0.0250643 0.0324700 0.0626163 0.0412474 0.0710951 0.0675149 0.0677774 0.0560572 0.0479205 0.0528284 0.0462266 0.0625055 0.0479970 0.0689851 0.0514251 0.0207951 0.0242137 0.0356745 0.0381948 0.0441195 0.0290610 0.0103931 0.0240904 -0.0324540 -0.0410353 0.0392324 0.0293886 0.0404013 0.0024390 0.0241995 -0.1051142 0.0223449 -0.0063425 0.0111898 0.0121008 0.0357178 -0.0570766 0.0359506 -0.0737224 -0.2487606 -0.2540616 -0.2496841 -0.2487524 -0.2475311 -0.2472161 -0.2490548 -0.2517193 -0.2523308 -0.2554805 -0.2551827 -0.2568676 -0.2575072 -0.2582218 -0.2587423 -0.2575759 -0.2581724 -0.2570166
0.0679613 0.0676198 0.0699702 0.0691309 0.0677240 0.0706837 0.0717937 0.0716039 0.0686139 0.0671166 0.0631404 0.0647894 0.0692135 0.0634383 0.0718931 0.0782513 -0.0266460 -0.0069886 -0.0095889 -0.0193009 -0.0296614 -0.0080730 -0.0208922 -0.0138924 0.0835216 0.0845415 0.0802237 0.0667923 0.0737234 0.0754622 0.0860719 0.0800747 0.8530164 0.0631146 0.0777441 0.0964169 0.0775075 0.0875153 0.0910330 0.0897743 0.0593237 0.0683658 0.0819120 0.0630128 0.0659208 0.0707380 0.0621332 0.0772543 0.0042003 0.0609207 0.0388521 0.0216137 0.0452005 0.0471761 0.0530707 0.0256838 0.0295216 0.0333283 0.0802689 0.0417977 0.0793116 0.0710328 0.0700075 0.0672679 0.0591968 0.0631953 0.0512883 0.0758763 0.0529758 0.0753610 0.0504826 0.0227765 0.0234278 0.0518991 0.0486092 0.0444097 0.0338316 0.0138190 0.0308932 -0.0352831 -0.0442283 0.0433005 0.0361426 0.0471828 0.0039977 0.0354658 -0.1213749 0.0358313 -0.0054184 0.0218622 0.0218708 0.0440085 -0.0683915 0.0279174 -0.0740041 -0.2819097 -0.2847165 -0.2831214 -0.2821687 -0.2812876 -0.2792332 -0.2810758 -0.2850458 -0.2855431 -0.2904959 -0.2889739 -0.2898764 -0.2898894 -0.2909005 -0.2913905 -0.2888307 -0.2894268 -0.2905900
0.0546697 0.0566049 0.0569255 0.0554905 0.0560313 0.0557566 0.0580041 0.0575036 0.0561056 0.0541837 0.0528015 0.0539364 0.0555317 0.0542479 0.0569812 0.0572348 -0.0083211 0.0035449 0.0024707 -0.0045359 -0.0096802 0.0046623 -0.0058735 0.0006740 0.0578129 0.0575646 0.0575199 0.0527623 0.0557693 0.0584074 0.0626349 0.0555683 0.0631146 0.9236828 0.0516374 0.0621494 0.0555293 0.0558828 0.0587075 0.0578740 0.0442685 0.0462805 0.0549981 0.0433339 0.0468639 0.0526441 0.0468168 0.0517913 0.0043282 0.0398142 0.0288334 0.0163328 0.0320738 0.0327848 0.0376327 0.0175451 0.0206981 0.0234454 0.0534916 0.0316084 0.0560693 0.0498574 0.0497085 0.0451465 0.0399549 0.0436583 0.0339614 0.0525648 0.0360044 0.0523158 0.0354537 0.0159525 0.0187226 0.0358595 0.0353414 0.0317378 0.0243069 0.0104397 0.0244193 -0.0270867 -0.0318881 0.0302790 0.0261832 0.0344658 0.0033604 0.0219000 -0.0811735 0.0233137 -0.0048905 0.0182459 0.0179035 0.0318168 -0.0444457 0.0230868 -0.0556913 -0.1949646 -0.1990480 -0.1965130 -0.1954487 -0.1950031 -0.1928460 -0.1949938 -0.1972349 -0.1984593 -0.2019953 -0.2007040 -0.2021326 -0.2017024 -0.2027480 -0.2035683 -0.2022438 -0.2037216 -0.2026786
