0.8767213 0.1779526 0.1443905 0.1652529 0.1497237 0.1434435 0.1475017 0.1529014 0.1468308 0.1437151 0.1449407 0.1520176 0.1422449 0.1408058 0.1344475 0.1366708 0.0301380 0.0526989 0.0550714 0.0511285 0.0458756 0.0710672 0.0495230 0.0538562 0.0673334 0.0641978 0.0678301 0.0526173 0.0565101 0.0531092 0.0648066 0.0499984 0.0668203 0.0572135 0.0520461 0.0689961 0.0609146 0.0602371 0.0685882 0.0629885 0.0523070 0.0447794 0.0492352 0.0479110 0.0638243 0.0581649 0.0479813 0.0366091 -0.0148070 0.0356852 0.0197514 0.0065818 0.0172846 0.0299406 0.0190530 0.0076769 -0.0021404 0.0076995 0.0396843 0.0210325 0.0407789 0.0254040 0.0242217 0.0392916 0.0165008 0.0319335 0.0059379 0.0375705 0.0013275 0.0511495 0.0090464 -0.0103952 -0.0026058 0.0337072 0.0179069 0.0189505 0.0119098 -0.0104910 0.0118450 -0.0727867 -0.0829093 -0.0010893 0.0034293 0.0179353 -0.0339342 -0.0082207 -0.1233157 -0.0006112 -0.0369161 -0.0151103 -0.0154563 0.0112841 -0.0683162 -0.0048705 -0.1041187 -0.2737037 -0.2766666 -0.2758062 -0.2736022 -0.2733060 -0.2724881 -0.2729788 -0.2740434 -0.2754320 -0.2770072 -0.2792907 -0.2780474 -0.2780539 -0.2789493 -0.2792729 -0.2781211 -0.2817810 -0.2776639
0.1779526 0.8837960 0.1470415 0.1746819 0.1513943 0.1498595 0.1523426 0.1547963 0.1492889 0.1474930 0.1505864 0.1536121 0.1505777 0.1456563 0.1372442 0.1413852 0.0267818 0.0562884 0.0596193 0.0538577 0.0421947 0.0697309 0.0518016 0.0487207 0.0690377 0.0660069 0.0714304 0.0562373 0.0599763 0.0565698 0.0672780 0.0555052 0.0666580 0.0590538 0.0526546 0.0710851 0.0619053 0.0640450 0.0721395 0.0668068 0.0560880 0.0471272 0.0503297 0.0521034 0.0651249 0.0610191 0.0456274 0.0332916 -0.0157717 0.0403529 0.0199306 0.0065643 0.0180240 0.0295853 0.0201418 0.0075173 -0.0039859 0.0097669 0.0426242 0.0234675 0.0417957 0.0304824 0.0295544 0.0396266 0.0199818 0.0335213 0.0099675 0.0349279 0.0014479 0.0528121 0.0097429 -0.0101462 -0.0022050 0.0334040 0.0189600 0.0249417 0.0102989 -0.0125670 0.0144131 -0.0769202 -0.0844454 -0.0004116 0.0034885 0.0166411 -0.0377830 -0.0064398 -0.1258596 0.0023155 -0.0387775 -0.0201448 -0.0216094 0.0125510 -0.0710101 -0.0010907 -0.1054300 -0.2821275 -0.2860551 -0.2838534 -0.2817119 -0.2822675 -0.2822636 -0.2812963 -0.2856854 -0.2848976 -0.2864892 -0.2862355 -0.2886914 -0.2865261 -0.2877461 -0.2870332 -0.2872761 -0.2910323 -0.2869761
0.1443905 0.1470415 0.8788054 0.1438489 0.1893070 0.1825369 0.2004983 0.1902124 0.1533837 0.1522777 0.1535945 0.1564108 0.1528143 0.1498820 0.1421209 0.1442594 0.0347398 0.0553383 0.0645839 0.0519751 0.0473160 0.0726290 0.0542899 0.0526238 0.0675769 0.0648477 0.0727018 0.0595985 0.0586399 0.0576934 0.0695210 0.0533730 0.0688644 0.0593665 0.0548387 0.0744356 0.0658113 0.0608701 0.0711919 0.0689335 0.0602271 0.0499245 0.0483783 0.0496661 0.0684533 0.0651522 0.0482246 0.0317784 -0.0193455 0.0344315 0.0222348 0.0055103 0.0177706 0.0300669 0.0193898 0.0075371 -0.0018681 0.0070126 0.0362017 0.0209744 0.0381501 0.0236326 0.0238048 0.0337657 0.0140425 0.0278082 0.0066076 0.0329457 0.0003862 0.0491997 0.0084140 -0.0095305 -0.0033108 0.0347225 0.0204159 0.0208028 0.0091930 -0.0150152 0.0128994 -0.0799104 -0.0908636 -0.0005584 0.0055007 0.0156825 -0.0381518 -0.0066481 -0.1248817 -0.0068600 -0.0412696 -0.0221627 -0.0230344 0.0102174 -0.0732052 -0.0041248 -0.1101882 -0.2846868 -0.2887752 -0.2875080 -0.2832976 -0.2833248 -0.2827413 -0.2844437 -0.2851671 -0.2875469 -0.2890834 -0.2898021 -0.2906861 -0.2894939 -0.2897708 -0.2906641 -0.2898645 -0.2937974 -0.2910119
0.1652529 0.1746819 0.1438489 0.8849238 0.1446541 0.1438825 0.1438780 0.1499146 0.1450187 0.1395909 0.1452848 0.1461652 0.1396426 0.1405472 0.1330291 0.1361619 0.0296364 0.0527006 0.0574106 0.0492718 0.0405269 0.0674952 0.0501705 0.0513397 0.0682629 0.0633526 0.0699391 0.0583954 0.0589321 0.0553643 0.0655615 0.0527261 0.0679303 0.0579887 0.0537279 0.0684729 0.0619982 0.0643706 0.0697116 0.0658279 0.0551869 0.0477766 0.0545722 0.0520005 0.0669256 0.0602388 0.0463358 0.0369128 -0.0139483 0.0386927 0.0245268 0.0054758 0.0190195 0.0300664 0.0231381 0.0075427 -0.0003953 0.0113968 0.0418494 0.0249713 0.0398190 0.0280298 0.0279511 0.0405813 0.0213424 0.0296751 0.0061891 0.0391214 0.0014768 0.0534591 0.0097486 -0.0071722 -0.0026925 0.0344134 0.0212684 0.0211641 0.0111059 -0.0092516 0.0139473 -0.0743293 -0.0829776 0.0004162 0.0080703 0.0197483 -0.0358044 -0.0076788 -0.1246555 0.0005566 -0.0379597 -0.0134865 -0.0133368 0.0147860 -0.0698237 -0.0024572 -0.1022398 -0.2765887 -0.2794200 -0.2770079 -0.2747458 -0.2763955 -0.2746299 -0.2755311 -0.2776709 -0.2783511 -0.2810791 -0.2807687 -0.2814835 -0.2811305 -0.2808870 -0.2807699 -0.2798654 -0.2847893 -0.2793626
0.1497237 0.1513943 0.1893070 0.1446541 0.8918030 0.1974367 0.2027095 0.2000628 0.1560682 0.1541899 0.1566514 0.1605046 0.1548870 0.1527669 0.1419790 0.1474498 0.0337881 0.0622945 0.0654135 0.0602035 0.0518586 0.0793580 0.0612806 0.0585307 0.0684523 0.0628733 0.0708805 0.0552174 0.0567222 0.0532698 0.0667569 0.0508859 0.0663287 0.0585868 0.0491123 0.0714275 0.0608029 0.0610624 0.0720700 0.0644977 0.0610456 0.0473453 0.0462074 0.0498227 0.0674183 0.0599115 0.0474194 0.0280322 -0.0178794 0.0353171 0.0190633 0.0073617 0.0147878 0.0290738 0.0159111 0.0046451 -0.0051959 0.0063511 0.0365708 0.0152110 0.0387726 0.0279556 0.0246589 0.0343079 0.0165018 0.0281960 0.0025940 0.0288748 -0.0038516 0.0525442 0.0038437 -0.0148923 -0.0074500 0.0335280 0.0188349 0.0204033 0.0070882 -0.0166188 0.0113577 -0.0821542 -0.0944076 -0.0042951 -0.0002363 0.0133994 -0.0397576 -0.0089093 -0.1255195 -0.0068187 -0.0414205 -0.0208218 -0.0214280 0.0093979 -0.0728501 -0.0111225 -0.1072330 -0.2829641 -0.2849877 -0.2833439 -0.2800290 -0.2810370 -0.2800649 -0.2811985 -0.2817975 -0.2823384 -0.2847019 -0.2871980 -0.2870251 -0.2862673 -0.2871595 -0.2863652 -0.2860314 -0.2911073 -0.2857625
0.1434435 0.1498595 0.1825369 0.1438825 0.1974367 0.8860964 0.1952529 0.1932864 0.1536334 0.1520943 0.1541297 0.1597946 0.1511687 0.1501856 0.1411737 0.1462459 0.0353266 0.0566577 0.0633817 0.0534227 0.0477617 0.0713449 0.0552949 0.0535412 0.0720803 0.0671081 0.0728051 0.0579732 0.0611110 0.0590248 0.0655823 0.0536492 0.0699971 0.0578641 0.0498895 0.0703570 0.0588620 0.0573809 0.0660955 0.0655738 0.0603713 0.0485856 0.0498155 0.0496805 0.0676749 0.0619179 0.0492398 0.0246617 -0.0179977 0.0321581 0.0147163 0.0093075 0.0128601 0.0313520 0.0166968 0.0084751 -0.0080636 0.0054695 0.0323434 0.0172890 0.0359485 0.0210237 0.0199148 0.0355296 0.0155458 0.0329782 0.0062237 0.0258256 0.0040921 0.0530750 0.0061596 -0.0108846 -0.0057466 0.0325750 0.0176831 0.0208920 0.0097742 -0.0196715 0.0124189 -0.0781370 -0.0907783 0.0002703 0.0059397 0.0159862 -0.0381217 -0.0035821 -0.1236515 -0.0070221 -0.0400921 -0.0344517 -0.0361488 0.0096954 -0.0695939 -0.0079870 -0.1059507 -0.2820810 -0.2839349 -0.2840067 -0.2802568 -0.2805136 -0.2796538 -0.2811788 -0.2831128 -0.2820437 -0.2868875 -0.2860099 -0.2864370 -0.2873529 -0.2878787 -0.2859190 -0.2852263 -0.2889585 -0.2876357
0.1475017 0.1523426 0.2004983 0.1438780 0.2027095 0.1952529 0.8845710 0.2068952 0.1562388 0.1553245 0.1576281 0.1626061 0.1540972 0.1558282 0.1413619 0.1487757 0.0313452 0.0579989 0.0654660 0.0579345 0.0482063 0.0732366 0.0566492 0.0506539 0.0704106 0.0662783 0.0727781 0.0589758 0.0595663 0.0592651 0.0679775 0.0544672 0.0706882 0.0607721 0.0545491 0.0736177 0.0606874 0.0629786 0.0725775 0.0713700 0.0606000 0.0468045 0.0500533 0.0513291 0.0671486 0.0606869 0.0483549 0.0300233 -0.0167421 0.0355160 0.0195473 0.0062271 0.0153328 0.0311216 0.0160410 0.0080817 -0.0028448 0.0056366 0.0334993 0.0134051 0.0341190 0.0235059 0.0207931 0.0383458 0.0200106 0.0339119 0.0089056 0.0319323 0.0015205 0.0554385 0.0075272 -0.0117802 -0.0054549 0.0346813 0.0201298 0.0216980 0.0086097 -0.0146558 0.0120823 -0.0799221 -0.0912337 -0.0016242 0.0057707 0.0136231 -0.0377750 -0.0059836 -0.1301158 -0.0067196 -0.0405681 -0.0195687 -0.0209354 0.0098878 -0.0747332 -0.0087091 -0.1113504 -0.2910339 -0.2950163 -0.2927117 -0.2909546 -0.2909187 -0.2883990 -0.2918101 -0.2930273 -0.2927053 -0.2959013 -0.2958629 -0.2979709 -0.2953425 -0.2973952 -0.2963584 -0.2969221 -0.2972251 -0.2963893
0.1529014 0.1547963 0.1902124 0.1499146 0.2000628 0.1932864 0.2068952 0.8924381 0.1609462 0.1561610 0.1607010 0.1676085 0.1561448 0.1577067 0.1463492 0.1492431 0.0356555 0.0589975 0.0701411 0.0590437 0.0518434 0.0786022 0.0596231 0.0532512 0.0705760 0.0669314 0.0718615 0.0574830 0.0586482 0.0557481 0.0672769 0.0537455 0.0705207 0.0601816 0.0523939 0.0733987 0.0619515 0.0626154 0.0718483 0.0683222 0.0615108 0.0464522 0.0498443 0.0525484 0.0660410 0.0630181 0.0471083 0.0289520 -0.0174141 0.0353813 0.0157131 0.0103814 0.0131451 0.0319235 0.0188205 0.0071547 -0.0052158 0.0024287 0.0287499 0.0161970 0.0325691 0.0178964 0.0160184 0.0340259 0.0164798 0.0332129 0.0061770 0.0295531 0.0029511 0.0527173 0.0078268 -0.0105539 -0.0057668 0.0363281 0.0178185 0.0211820 0.0087534 -0.0170354 0.0118400 -0.0798590 -0.0914467 -0.0033131 0.0056958 0.0145659 -0.0350856 -0.0072729 -0.1275606 -0.0031123 -0.0412175 -0.0231335 -0.0244663 0.0109438 -0.0728751 -0.0052687 -0.1077615 -0.2892053 -0.2921445 -0.2901334 -0.2871190 -0.2884374 -0.2872132 -0.2887014 -0.2905903 -0.2911555 -0.2930573 -0.2944763 -0.2936939 -0.2942284 -0.2942891 -0.2943859 -0.2933221 -0.2974259 -0.2937641
0.1468308 0.1492889 0.1533837 0.1450187 0.1560682 0.1536334 0.1562388 0.1609462 0.8927984 0.1877202 0.1968632 0.1939702 0.1907025 0.1851070 0.1486858 0.1539070 0.0363886 0.0609515 0.0662379 0.0609475 0.0505696 0.0742519 0.0609187 0.0563727 0.0717938 0.0631962 0.0713842 0.0593358 0.0594551 0.0572637 0.0662018 0.0561005 0.0680356 0.0583035 0.0503344 0.0709573 0.0604632 0.0601160 0.0675867 0.0655297 0.0600228 0.0428164 0.0460402 0.0557939 0.0699535 0.0625194 0.0518359 0.0261732 -0.0179951 0.0333036 0.0186218 0.0035846 0.0099492 0.0316495 0.0225476 0.0081830 -0.0071871 0.0080735 0.0288565 0.0174255 0.0301574 0.0170248 0.0167072 0.0323014 0.0140935 0.0352122 0.0085038 0.0275127 0.0031518 0.0540136 0.0091654 -0.0091047 -0.0006610 0.0317188 0.0159647 0.0192358 0.0038975 -0.0177281 0.0118445 -0.0781800 -0.0853551 0.0003529 0.0001301 0.0168011 -0.0390165 -0.0087588 -0.1204596 -0.0031002 -0.0414116 -0.0394968 -0.0395254 0.0112993 -0.0724790 -0.0044371 -0.1088178 -0.2850865 -0.2872950 -0.2846099 -0.2823105 -0.2825089 -0.2825482 -0.2839067 -0.2853525 -0.2860922 -0.2875983 -0.2893347 -0.2877761 -0.2887701 -0.2894011 -0.2879857 -0.2894830 -0.2942708 -0.2882581
0.1437151 0.1474930 0.1522777 0.1395909 0.1541899 0.1520943 0.1553245 0.1561610 0.1877202 0.8883802 0.1851777 0.1908485 0.1990764 0.1839806 0.1413470 0.1485565 0.0338688 0.0597754 0.0629489 0.0617730 0.0508712 0.0740824 0.0596206 0.0583042 0.0671000 0.0617345 0.0673800 0.0571867 0.0564705 0.0521516 0.0622258 0.0508429 0.0662227 0.0566489 0.0500805 0.0699601 0.0557976 0.0571020 0.0685232 0.0653396 0.0553643 0.0428000 0.0458119 0.0538315 0.0660410 0.0576539 0.0463018 0.0278583 -0.0199878 0.0336490 0.0173822 0.0076926 0.0123729 0.0318652 0.0153115 0.0075599 -0.0069110 0.0046071 0.0295076 0.0161598 0.0307573 0.0176994 0.0154746 0.0302921 0.0154307 0.0307066 0.0043459 0.0284297 -0.0011052 0.0480419 0.0043458 -0.0113025 -0.0033326 0.0297055 0.0142710 0.0181796 0.0042413 -0.0168829 0.0110816 -0.0769746 -0.0889276 -0.0030058 0.0011608 0.0150352 -0.0411998 -0.0077674 -0.1210070 -0.0076808 -0.0416400 -0.0305931 -0.0300525 0.0090133 -0.0708183 -0.0090547 -0.1044578 -0.2778673 -0.2793728 -0.2795865 -0.2745684 -0.2749563 -0.2739187 -0.2769699 -0.2766990 -0.2782013 -0.2799188 -0.2817458 -0.2814142 -0.2801284 -0.2813956 -0.2812433 -0.2807543 -0.2844416 -0.2813392
0.1449407 0.1505864 0.1535945 0.1452848 0.1566514 0.1541297 0.1576281 0.1607010 0.1968632 0.1851777 0.9120518 0.2027625 0.1902903 0.1868661 0.1483772 0.1502650 0.0402045 0.0662473 0.0744868 0.0667774 0.0581826 0.0818249 0.0665474 0.0615336 0.0633890 0.0580013 0.0653145 0.0543337 0.0552002 0.0490960 0.0608913 0.0455150 0.0618242 0.0555344 0.0466392 0.0668006 0.0569242 0.0562420 0.0657864 0.0606438 0.0558939 0.0409875 0.0442174 0.0511938 0.0658119 0.0572033 0.0437360 0.0243378 -0.0187920 0.0305147 0.0187788 0.0024874 0.0110383 0.0259538 0.0151228 0.0054119 -0.0095628 0.0056020 0.0283387 0.0166552 0.0249161 0.0115589 0.0102615 0.0302899 0.0109644 0.0275952 0.0017212 0.0254178 -0.0052132 0.0445242 0.0008454 -0.0161643 -0.0056049 0.0297606 0.0149856 0.0150941 0.0022625 -0.0159644 0.0064363 -0.0785437 -0.0896224 -0.0081180 0.0003342 0.0109875 -0.0437250 -0.0143060 -0.1191638 -0.0072487 -0.0449189 -0.0258288 -0.0256496 0.0096352 -0.0724454 -0.0085322 -0.1061709 -0.2711945 -0.2745312 -0.2731407 -0.2688064 -0.2704318 -0.2700817 -0.2710335 -0.2722439 -0.2723354 -0.2725390 -0.2757318 -0.2756585 -0.2754345 -0.2769374 -0.2751152 -0.2776607 -0.2815440 -0.2754920
0.1520176 0.1536121 0.1564108 0.1461652 0.1605046 0.1597946 0.1626061 0.1676085 0.1939702 0.1908485 0.2027625 0.9053742 0.1953485 0.1903882 0.1457486 0.1557778 0.0378071 0.0655125 0.0706458 0.0641807 0.0538294 0.0807037 0.0649044 0.0590365 0.0653547 0.0585015 0.0680529 0.0554950 0.0554506 0.0501468 0.0614269 0.0491695 0.0638114 0.0565199 0.0516540 0.0709805 0.0587192 0.0560206 0.0671809 0.0621891 0.0585550 0.0415833 0.0472050 0.0515764 0.0683408 0.0570938 0.0478083 0.0229904 -0.0217767 0.0300577 0.0162269 0.0044049 0.0121422 0.0310137 0.0158755 0.0044115 -0.0085883 0.0087142 0.0260326 0.0133223 0.0237145 0.0110716 0.0101015 0.0290613 0.0129651 0.0289595 0.0051045 0.0245884 -0.0020089 0.0497529 0.0060595 -0.0147633 -0.0049870 0.0276112 0.0118963 0.0178925 0.0028252 -0.0206493 0.0096945 -0.0773630 -0.0889343 -0.0062259 0.0003058 0.0097388 -0.0448959 -0.0115696 -0.1187900 -0.0089544 -0.0438859 -0.0323284 -0.0330658 0.0059099 -0.0695984 -0.0114597 -0.1083781 -0.2791874 -0.2805704 -0.2791116 -0.2762374 -0.2772614 -0.2770254 -0.2780211 -0.2778441 -0.2807916 -0.2796789 -0.2817642 -0.2821764 -0.2821981 -0.2820323 -0.2814440 -0.2830536 -0.2866514 -0.2829272
0.1422449 0.1505777 0.1528143 0.1396426 0.1548870 0.1511687 0.1540972 0.1561448 0.1907025 0.1990764 0.1902903 0.1953485 0.8948931 0.1916763 0.1448506 0.1494483 0.0317753 0.0604168 0.0653797 0.0589505 0.0498886 0.0755383 0.0598664 0.0553981 0.0671217 0.0621984 0.0723853 0.0572906 0.0588483 0.0543008 0.0645114 0.0530222 0.0683366 0.0578432 0.0482260 0.0706354 0.0612117 0.0610215 0.0706381 0.0639079 0.0572536 0.0437895 0.0480380 0.0560975 0.0670251 0.0607078 0.0509616 0.0249502 -0.0195612 0.0344580 0.0150220 0.0092021 0.0158302 0.0274870 0.0193287 0.0058090 -0.0071118 0.0077491 0.0344447 0.0169878 0.0362534 0.0204716 0.0199503 0.0302080 0.0174044 0.0319108 0.0041946 0.0270372 -0.0009571 0.0505066 0.0056905 -0.0102796 -0.0060437 0.0325816 0.0161882 0.0211327 0.0060712 -0.0158840 0.0119463 -0.0809669 -0.0899155 -0.0037563 -0.0005450 0.0162273 -0.0422290 -0.0099517 -0.1232762 -0.0068039 -0.0428352 -0.0342235 -0.0341368 0.0087353 -0.0744008 -0.0069128 -0.1092663 -0.2825734 -0.2856036 -0.2838869 -0.2786858 -0.2799158 -0.2800642 -0.2820401 -0.2826747 -0.2838051 -0.2849500 -0.2876668 -0.2860909 -0.2873746 -0.2881416 -0.2869332 -0.2865075 -0.2919458 -0.2871898
0.1408058 0.1456563 0.1498820 0.1405472 0.1527669 0.1501856 0.1558282 0.1577067 0.1851070 0.1839806 0.1868661 0.1903882 0.1916763 0.8974749 0.1449290 0.1431030 0.0373677 0.0620079 0.0684965 0.0585780 0.0509553 0.0774666 0.0593095 0.0581396 0.0681320 0.0568509 0.0660627 0.0562698 0.0577726 0.0507135 0.0605581 0.0494150 0.0623832 0.0569925 0.0493288 0.0694276 0.0599363 0.0574537 0.0670011 0.0656466 0.0550229 0.0435283 0.0487996 0.0528538 0.0657508 0.0588267 0.0475814 0.0298880 -0.0180237 0.0333235 0.0176786 0.0053017 0.0129099 0.0270161 0.0179153 0.0080484 -0.0090606 0.0065435 0.0315557 0.0163976 0.0304532 0.0156094 0.0145008 0.0335801 0.0162212 0.0288885 0.0036360 0.0312907 -0.0004706 0.0484752 0.0041522 -0.0146043 -0.0045035 0.0317711 0.0171138 0.0209281 0.0069293 -0.0158325 0.0101190 -0.0787158 -0.0880369 -0.0068219 0.0007105 0.0131950 -0.0420188 -0.0098371 -0.1216230 -0.0069540 -0.0420901 -0.0238601 -0.0240827 0.0113799 -0.0736244 -0.0020734 -0.1073507 -0.2779027 -0.2802463 -0.2788498 -0.2762902 -0.2766538 -0.2752676 -0.2780285 -0.2779033 -0.2794523 -0.2797824 -0.2822284 -0.2822633 -0.2808154 -0.2831721 -0.2824884 -0.2820213 -0.2853543 -0.2830738
0.1344475 0.1372442 0.1421209 0.1330291 0.1419790 0.1411737 0.1413619 0.1463492 0.1486858 0.1413470 0.1483772 0.1457486 0.1448506 0.1449290 0.8757323 0.1386565 0.0286413 0.0485983 0.0535283 0.0421069 0.0387699 0.0654273 0.0448885 0.0440806 0.0700998 0.0671062 0.0749942 0.0608515 0.0629848 0.0606763 0.0713306 0.0565252 0.0714075 0.0589283 0.0590179 0.0715006 0.0628783 0.0664542 0.0711641 0.0692838 0.0588847 0.0502215 0.0526904 0.0557835 0.0659094 0.0665980 0.0481445 0.0351557 -0.0141737 0.0374457 0.0234512 0.0103820 0.0175241 0.0361344 0.0274434 0.0084267 0.0016229 0.0159267 0.0403192 0.0245358 0.0394567 0.0262544 0.0229825 0.0349549 0.0228682 0.0361481 0.0152410 0.0365591 0.0096604 0.0551902 0.0159971 -0.0015262 0.0031234 0.0333234 0.0213455 0.0233120 0.0103024 -0.0122503 0.0156821 -0.0680633 -0.0781068 0.0089469 0.0141247 0.0224026 -0.0287347 -0.0013355 -0.1211723 0.0017911 -0.0345214 -0.0259377 -0.0259765 0.0139474 -0.0661741 0.0008374 -0.1005495 -0.2781049 -0.2829708 -0.2824483 -0.2787451 -0.2784598 -0.2767054 -0.2810004 -0.2809565 -0.2812460 -0.2843728 -0.2849206 -0.2848575 -0.2846686 -0.2848186 -0.2856268 -0.2851858 -0.2882983 -0.2859254
0.1366708 0.1413852 0.1442594 0.1361619 0.1474498 0.1462459 0.1487757 0.1492431 0.1539070 0.1485565 0.1502650 0.1557778 0.1494483 0.1431030 0.1386565 0.8780548 0.0257451 0.0508975 0.0541695 0.0483625 0.0399554 0.0626624 0.0469802 0.0468296 0.0737549 0.0716656 0.0767409 0.0620753 0.0660179 0.0625426 0.0733695 0.0639130 0.0780452 0.0588177 0.0591934 0.0768007 0.0632331 0.0668895 0.0726507 0.0684721 0.0629643 0.0535735 0.0569666 0.0532458 0.0665612 0.0690238 0.0543527 0.0301040 -0.0135051 0.0357216 0.0224680 0.0108947 0.0158061 0.0375340 0.0255998 0.0076138 -0.0003546 0.0150179 0.0396750 0.0248031 0.0433787 0.0283544 0.0268526 0.0356217 0.0227150 0.0403315 0.0153482 0.0323770 0.0080012 0.0557832 0.0181113 -0.0033256 0.0032049 0.0366824 0.0201664 0.0296712 0.0129640 -0.0144900 0.0155281 -0.0693334 -0.0793497 0.0093273 0.0090211 0.0194797 -0.0292898 -0.0016825 -0.1214857 0.0010935 -0.0357186 -0.0360015 -0.0367238 0.0146899 -0.0491068 -0.0016483 -0.1044124 -0.2833417 -0.2866324 -0.2853139 -0.2795559 -0.2823378 -0.2795987 -0.2829093 -0.2840733 -0.2856591 -0.2870994 -0.2888777 -0.2888140 -0.2886185 -0.2897703 -0.2893922 -0.2894192 -0.2923081 -0.2892014
0.0301380 0.0267818 0.0347398 0.0296364 0.0337881 0.0353266 0.0313452 0.0356555 0.0363886 0.0338688 0.0402045 0.0378071 0.0317753 0.0373677 0.0286413 0.0257451 0.9752913 0.0423331 0.0472412 0.0548650 0.0602214 0.0356253 0.0473712 0.0571444 -0.0100818 -0.0168525 -0.0125327 -0.0087993 -0.0179438 -0.0184007 -0.0204377 -0.0209991 -0.0248680 -0.0091095 -0.0123573 -0.0162559 -0.0138264 -0.0166366 -0.0173252 -0.0170003 0.0019933 -0.0080533 -0.0299380 -0.0119553 -0.0101313 -0.0054729 -0.0059567 -0.0503107 -0.0085245 -0.0270798 -0.0246658 -0.0026257 -0.0430637 -0.0051137 -0.0128100 -0.0166925 -0.0191567 -0.0238004 -0.0478217 -0.0216834 -0.0430854 -0.0545231 -0.0539204 -0.0310111 -0.0334649 -0.0133333 -0.0265136 -0.0487733 -0.0216801 -0.0193314 -0.0206067 -0.0102017 -0.0153819 -0.0155159 -0.0251977 -0.0198336 -0.0168269 -0.0341056 -0.0164466 -0.0133080 -0.0128518 -0.0189723 -0.0106183 -0.0218172 -0.0165757 -0.0246363 0.0027724 -0.0234088 -0.0185904 -0.0875359 -0.0878813 -0.0375786 -0.0038448 -0.0122183 -0.0151051 0.0115415 0.0115996 0.0122315 0.0137938 0.0118258 0.0119143 0.0124303 0.0139600 0.0128090 0.0135523 0.0121107 0.0109335 0.0119504 0.0111065 0.0115935 0.0128945 0.0043082 0.0107472
0.0526989 0.0562884 0.0553383 0.0527006 0.0622945 0.0566577 0.0579989 0.0589975 0.0609515 0.0597754 0.0662473 0.0655125 0.0604168 0.0620079 0.0485983 0.0508975 0.0423331 0.9517176 0.0675029 0.0658743 0.0571326 0.0625992 0.0609523 0.0569053 0.0005470 -0.0104853 -0.0029568 -0.0084488 -0.0049775 -0.0140167 -0.0099939 -0.0165441 -0.0078254 0.0059674 -0.0108785 -0.0072398 -0.0045775 -0.0048738 -0.0026283 -0.0065732 0.0034467 -0.0182217 -0.0088265 0.0010983 0.0074479 -0.0072562 -0.0088059 -0.0205684 -0.0163751 -0.0107889 -0.0086108 -0.0227357 -0.0192532 -0.0038134 -0.0244608 -0.0145492 -0.0242953 -0.0161206 -0.0302459 -0.0178237 -0.0351646 -0.0454376 -0.0461659 -0.0120835 -0.0185936 -0.0172315 -0.0261957 -0.0202066 -0.0318982 -0.0100443 -0.0249370 -0.0206441 -0.0169742 -0.0056534 -0.0160553 -0.0070973 -0.0202514 -0.0148523 -0.0082172 -0.0301514 -0.0372354 -0.0258905 -0.0134137 -0.0188676 -0.0236318 -0.0169174 -0.0263895 -0.0226563 -0.0241043 -0.0167419 -0.0161770 -0.0150539 -0.0166699 -0.0270720 -0.0251206 -0.0450387 -0.0479765 -0.0469776 -0.0428900 -0.0448122 -0.0449818 -0.0469023 -0.0461558 -0.0443761 -0.0440150 -0.0475965 -0.0487956 -0.0496144 -0.0482244 -0.0470322 -0.0477263 -0.0530110 -0.0461264
0.0550714 0.0596193 0.0645839 0.0574106 0.0654135 0.0633817 0.0654660 0.0701411 0.0662379 0.0629489 0.0744868 0.0706458 0.0653797 0.0684965 0.0535283 0.0541695 0.0472412 0.0675029 0.9676277 0.0719661 0.0713511 0.0738277 0.0652031 0.0651834 -0.0036759 -0.0064269 -0.0002934 -0.0103599 -0.0108338 -0.0180105 -0.0123464 -0.0214070 -0.0111250 0.0053200 -0.0177543 -0.0041000 -0.0083604 -0.0078809 -0.0040243 -0.0025068 -0.0007299 -0.0183544 -0.0144340 -0.0049549 0.0142677 -0.0076211 -0.0136387 -0.0188467 -0.0137535 -0.0074491 -0.0090792 -0.0250340 -0.0118481 -0.0080768 -0.0211299 -0.0092884 -0.0302161 -0.0216113 -0.0288492 -0.0157433 -0.0327229 -0.0390074 -0.0382608 -0.0077972 -0.0228063 -0.0233442 -0.0313749 -0.0169042 -0.0433594 -0.0119672 -0.0369694 -0.0357965 -0.0230761 -0.0056594 -0.0192980 -0.0169579 -0.0208004 -0.0208848 -0.0148277 -0.0333820 -0.0369672 -0.0389675 -0.0157518 -0.0282647 -0.0352338 -0.0260734 -0.0322011 -0.0249283 -0.0387508 -0.0096312 -0.0101398 -0.0195972 -0.0223371 -0.0306035 -0.0355769 -0.0429503 -0.0451327 -0.0457693 -0.0423473 -0.0415008 -0.0430838 -0.0436224 -0.0423814 -0.0448182 -0.0403203 -0.0445732 -0.0463919 -0.0441152 -0.0439763 -0.0457049 -0.0434740 -0.0467093 -0.0460718
0.0511285 0.0538577 0.0519751 0.0492718 0.0602035 0.0534227 0.0579345 0.0590437 0.0609475 0.0617730 0.0667774 0.0641807 0.0589505 0.0585780 0.0421069 0.0483625 0.0548650 0.0658743 0.0719661 1.0101198 0.0660850 0.0950140 0.0916494 0.0703080 -0.0225801 -0.0207748 -0.0191336 -0.0246143 -0.0271036 -0.0361068 -0.0335334 -0.0411302 -0.0227922 -0.0002430 -0.0255013 -0.0195155 -0.0132016 -0.0180425 -0.0137608 -0.0190286 -0.0179723 -0.0317496 -0.0278113 -0.0176384 -0.0027195 -0.0284824 -0.0329032 -0.0076092 -0.0185463 -0.0094060 -0.0013584 -0.0252388 0.0026213 -0.0232186 -0.0348122 -0.0339397 -0.0293245 -0.0179662 -0.0151145 -0.0145612 -0.0160512 -0.0161206 -0.0162143 -0.0211921 -0.0242425 -0.0489903 -0.0512963 -0.0078542 -0.0705576 -0.0222086 -0.0559002 -0.0524436 -0.0299629 -0.0011697 -0.0160215 -0.0317260 -0.0300293 -0.0181133 -0.0190869 -0.0436263 -0.0658063 -0.0568727 -0.0511706 -0.0252521 -0.0583739 -0.0385027 -0.0203303 -0.0243503 -0.0284517 0.0334760 0.0350319 -0.0268683 -0.0167757 -0.0648884 -0.0210451 -0.0136588 -0.0148912 -0.0150691 -0.0115515 -0.0096647 -0.0147794 -0.0144125 -0.0089752 -0.0106029 -0.0079919 -0.0100987 -0.0113098 -0.0089110 -0.0107198 -0.0083773 -0.0098327 -0.0125803 -0.0127943
0.0458756 0.0421947 0.0473160 0.0405269 0.0518586 0.0477617 0.0482063 0.0518434 0.0505696 0.0508712 0.0581826 0.0538294 0.0498886 0.0509553 0.0387699 0.0399554 0.0602214 0.0571326 0.0713511 0.0660850 1.0013645 0.0723727 0.0693110 0.0694953 -0.0197908 -0.0202615 -0.0122822 -0.0227824 -0.0258467 -0.0351034 -0.0252800 -0.0352633 -0.0305901 -0.0081219 -0.0284462 -0.0232146 -0.0280398 -0.0204009 -0.0204590 -0.0197102 -0.0071040 -0.0254827 -0.0320315 -0.0170799 -0.0071213 -0.0188610 -0.0224754 -0.0441856 -0.0146313 -0.0186557 -0.0231802 -0.0126014 -0.0234905 -0.0224553 -0.0369346 -0.0236461 -0.0329304 -0.0323517 -0.0463338 -0.0269062 -0.0448453 -0.0458387 -0.0478524 -0.0246831 -0.0356970 -0.0347571 -0.0404864 -0.0451129 -0.0475405 -0.0221420 -0.0372379 -0.0304642 -0.0259540 -0.0157322 -0.0257534 -0.0342200 -0.0264884 -0.0178075 -0.0256444 -0.0292641 -0.0344725 -0.0415565 -0.0314244 -0.0256684 -0.0380308 -0.0390268 -0.0004811 -0.0282728 -0.0231055 -0.0363673 -0.0369619 -0.0265256 -0.0058155 -0.0284954 -0.0204793 0.0100455 0.0123308 0.0126129 0.0143226 0.0137029 0.0117136 0.0116243 0.0140833 0.0129410 0.0150920 0.0116024 0.0117583 0.0136147 0.0110903 0.0137198 0.0127010 0.0068202 0.0126774
0.0710672 0.0697309 0.0726290 0.0674952 0.0793580 0.0713449 0.0732366 0.0786022 0.0742519 0.0740824 0.0818249 0.0807037 0.0755383 0.0774666 0.0654273 0.0626624 0.0356253 0.0625992 0.0738277 0.0950140 0.0723727 0.9949043 0.0841502 0.0808142 -0.0165247 -0.0064290 -0.0069365 -0.0093476 -0.0177783 -0.0274194 -0.0193186 -0.0304415 -0.0119280 0.0093338 -0.0161395 -0.0092566 -0.0092653 -0.0033764 -0.0064533 -0.0031812 -0.0070371 -0.0243583 -0.0133785 -0.0080156 0.0080967 -0.0177419 -0.0216089 -0.0001296 -0.0171881 -0.0065896 0.0064731 -0.0232594 0.0122804 -0.0202465 -0.0318422 -0.0255221 -0.0309871 -0.0119911 0.0018823 -0.0077382 -0.0061825 0.0011234 0.0005538 -0.0088890 -0.0261234 -0.0449912 -0.0531581 -0.0001735 -0.0656478 -0.0154432 -0.0572591 -0.0490049 -0.0277028 -0.0018869 -0.0139469 -0.0213302 -0.0209172 -0.0032020 0.0006973 -0.0519634 -0.0689798 -0.0549295 -0.0435125 -0.0168662 -0.0581617 -0.0330066 -0.0403998 -0.0251835 -0.0370868 0.0422835 0.0442702 -0.0233552 -0.0293501 -0.0524518 -0.0361694 -0.0569186 -0.0561769 -0.0592681 -0.0539931 -0.0541520 -0.0578865 -0.0538715 -0.0540689 -0.0562886 -0.0517651 -0.0540976 -0.0535501 -0.0517899 -0.0537403 -0.0510637 -0.0557101 -0.0567211 -0.0548210
0.0495230 0.0518016 0.0542899 0.0501705 0.0612806 0.0552949 0.0566492 0.0596231 0.0609187 0.0596206 0.0665474 0.0649044 0.0598664 0.0593095 0.0448885 0.0469802 0.0473712 0.0609523 0.0652031 0.0916494 0.0693110 0.0841502 0.9864676 0.0714655 -0.0187702 -0.0214545 -0.0180884 -0.0219300 -0.0240404 -0.0316041 -0.0235984 -0.0326151 -0.0230980 -0.0038484 -0.0253829 -0.0223914 -0.0207508 -0.0194930 -0.0186645 -0.0183184 -0.0060245 -0.0232346 -0.0270564 -0.0148230 -0.0075141 -0.0173952 -0.0255515 -0.0262792 -0.0258942 -0.0160554 -0.0072246 -0.0181858 -0.0152234 -0.0201080 -0.0360366 -0.0258944 -0.0359164 -0.0143021 -0.0179980 -0.0161676 -0.0224240 -0.0190036 -0.0182765 -0.0291163 -0.0368791 -0.0383485 -0.0515520 -0.0266596 -0.0608836 -0.0228051 -0.0554273 -0.0396378 -0.0331598 -0.0075344 -0.0249244 -0.0284804 -0.0243099 -0.0252993 -0.0157443 -0.0360787 -0.0538152 -0.0448333 -0.0394887 -0.0206935 -0.0455745 -0.0354300 -0.0193339 -0.0210698 -0.0279909 -0.0174439 -0.0168733 -0.0350612 -0.0161303 -0.0476466 -0.0220096 -0.0053226 -0.0033963 -0.0074437 -0.0001250 -0.0043174 -0.0028960 -0.0031351 -0.0016633 -0.0028859 0.0009413 -0.0036626 -0.0035914 -0.0009710 -0.0012364 -0.0000039 -0.0028138 -0.0066519 0.0004899
0.0538562 0.0487207 0.0526238 0.0513397 0.0585307 0.0535412 0.0506539 0.0532512 0.0563727 0.0583042 0.0615336 0.0590365 0.0553981 0.0581396 0.0440806 0.0468296 0.0571444 0.0569053 0.0651834 0.0703080 0.0694953 0.0808142 0.0714655 0.9721469 -0.0087439 -0.0046136 -0.0095927 -0.0089883 -0.0151365 -0.0222255 -0.0181115 -0.0212769 -0.0159239 0.0032212 -0.0201098 -0.0097912 -0.0088897 -0.0055550 -0.0048288 -0.0101046 -0.0004946 -0.0187845 -0.0185422 -0.0075791 0.0045025 -0.0096998 -0.0125041 -0.0205715 -0.0194006 -0.0105668 -0.0024505 -0.0125267 -0.0108024 -0.0146401 -0.0194903 -0.0208996 -0.0247748 -0.0178963 -0.0180034 -0.0205846 -0.0159932 -0.0188909 -0.0197740 -0.0187172 -0.0264295 -0.0338243 -0.0397077 -0.0198989 -0.0433128 -0.0098520 -0.0368857 -0.0284905 -0.0199239 -0.0094175 -0.0173937 -0.0174863 -0.0158168 -0.0112122 -0.0180474 -0.0377219 -0.0528580 -0.0415359 -0.0270599 -0.0206817 -0.0348198 -0.0322641 -0.0228320 -0.0277786 -0.0337497 0.0028028 0.0025226 -0.0260224 -0.0197868 -0.0366548 -0.0265787 -0.0347126 -0.0331100 -0.0363040 -0.0308140 -0.0306135 -0.0325733 -0.0310644 -0.0299344 -0.0310808 -0.0303052 -0.0324586 -0.0304569 -0.0341490 -0.0323577 -0.0307745 -0.0323852 -0.0354036 -0.0321406
0.0673334 0.0690377 0.0675769 0.0682629 0.0684523 0.0720803 0.0704106 0.0705760 0.0717938 0.0671000 0.0633890 0.0653547 0.0671217 0.0681320 0.0700998 0.0737549 -0.0100818 0.0005470 -0.0036759 -0.0225801 -0.0197908 -0.0165247 -0.0187702 -0.0087439 0.8482084 0.0786551 0.0841397 0.0938636 0.1054844 0.1190644 0.1197055 0.1029044 0.0851918 0.0565590 0.0708293 0.0864482 0.0735518 0.0707123 0.0724562 0.0795458 0.0587327 0.0616671 0.0694271 0.0604274 0.0634539 0.0752979 0.0633194 0.0405383 0.0005046 0.0371799 0.0182673 0.0270163 0.0161187 0.0467039 0.0428275 0.0294167 0.0226520 0.0228149 0.0435371 0.0324597 0.0375591 0.0219183 0.0214496 0.0510771 0.0446526 0.0716098 0.0552608 0.0428150 0.0660711 0.0707308 0.0578223 0.0312088 0.0200392 0.0376905 0.0351346 0.0447137 0.0274410 0.0016176 0.0203184 -0.0272370 -0.0365221 0.0462187 0.0450743 0.0422547 0.0073840 0.0266072 -0.1027429 0.0266674 -0.0069648 -0.0370414 -0.0394551 0.0392752 -0.0575876 0.0404055 -0.0826814 -0.2596643 -0.2657429 -0.2593420 -0.2596810 -0.2592627 -0.2577641 -0.2584594 -0.2631333 -0.2625424 -0.2688661 -0.2671556 -0.2673294 -0.2701443 -0.2704090 -0.2709305 -0.2673869 -0.2712178 -0.2694696
0.0641978 0.0660069 0.0648477 0.0633526 0.0628733 0.0671081 0.0662783 0.0669314 0.0631962 0.0617345 0.0580013 0.0585015 0.0621984 0.0568509 0.0671062 0.0716656 -0.0168525 -0.0104853 -0.0064269 -0.0207748 -0.0202615 -0.0064290 -0.0214545 -0.0046136 0.0786551 0.8560467 0.1116680 0.0705420 0.0848523 0.0784399 0.0872300 0.0817398 0.0856720 0.0568090 0.0657802 0.0857761 0.0704109 0.0695625 0.0735312 0.0783795 0.0567192 0.0661976 0.0655752 0.0513665 0.0552983 0.0747025 0.0630326 0.0507043 0.0000781 0.0465917 0.0306828 0.0224658 0.0358284 0.0484425 0.0525665 0.0175953 0.0277572 0.0304901 0.0698112 0.0429158 0.0822652 0.0687407 0.0677878 0.0517294 0.0444551 0.0557438 0.0390899 0.0510669 0.0436167 0.0668062 0.0430198 0.0230680 0.0243404 0.0424263 0.0451062 0.0403884 0.0335168 0.0026371 0.0296416 -0.0318863 -0.0414111 0.0468903 0.0320906 0.0475027 0.0045050 0.0320168 -0.1133081 0.0260201 -0.0117495 -0.0202637 -0.0206126 0.0367058 -0.0557597 0.0269198 -0.0779349 -0.2534584 -0.2604652 -0.2572716 -0.2541763 -0.2563246 -0.2532847 -0.2577521 -0.2588923 -0.2588166 -0.2632624 -0.2619445 -0.2629867 -0.2630489 -0.2620412 -0.2663495 -0.2634563 -0.2637038 -0.2641477
0.0678301 0.0714304 0.0727018 0.0699391 0.0708805 0.0728051 0.0727781 0.0718615 0.0713842 0.0673800 0.0653145 0.0680529 0.0723853 0.0660627 0.0749942 0.0767409 -0.0125327 -0.0029568 -0.0002934 -0.0191336 -0.0122822 -0.0069365 -0.0180884 -0.0095927 0.0841397 0.1116680 0.8508647 0.0774696 0.0815532 0.0887532 0.0871668 0.0890375 0.0817923 0.0565296 0.0672824 0.0807654 0.0751301 0.0681836 0.0733781 0.0782448 0.0595097 0.0653167 0.0678059 0.0581311 0.0587512 0.0725233 0.0657070 0.0456919 -0.0022479 0.0419096 0.0205539 0.0272735 0.0249218 0.0425822 0.0456789 0.0179696 0.0236851 0.0311047 0.0583858 0.0446009 0.0649363 0.0514995 0.0504334 0.0557017 0.0481459 0.0572693 0.0462539 0.0457838 0.0511699 0.0705889 0.0542343 0.0261125 0.0170385 0.0410120 0.0427121 0.0441232 0.0285412 -0.0006676 0.0264213 -0.0402706 -0.0427094 0.0483103 0.0363562 0.0414330 0.0092130 0.0280874 -0.1045474 0.0225082 -0.0108849 -0.0334590 -0.0351000 0.0345322 -0.0551536 0.0354222 -0.0776739 -0.2597220 -0.2655273 -0.2610638 -0.2578820 -0.2606720 -0.2567784 -0.2603340 -0.2613174 -0.2630635 -0.2665722 -0.2656063 -0.2680244 -0.2676719 -0.2681046 -0.2692113 -0.2667446 -0.2695616 -0.2678883
0.0526173 0.0562373 0.0595985 0.0583954 0.0552174 0.0579732 0.0589758 0.0574830 0.0593358 0.0571867 0.0543337 0.0554950 0.0572906 0.0562698 0.0608515 0.0620753 -0.0087993 -0.0084488 -0.0103599 -0.0246143 -0.0227824 -0.0093476 -0.0219300 -0.0089883 0.0938636 0.0705420 0.0774696 0.8623405 0.1071397 0.0911943 0.0890504 0.1030319 0.0686150 0.0505904 0.0599665 0.0788867 0.0713812 0.0638224 0.0674100 0.0615975 0.0636660 0.0674230 0.0642210 0.0503103 0.0522470 0.0775420 0.0725973 0.0439034 -0.0075610 0.0335940 0.0287139 0.0277720 0.0270541 0.0508308 0.0437810 0.0117925 0.0279121 0.0257230 0.0652263 0.0367080 0.0735835 0.0661287 0.0663104 0.0454589 0.0376699 0.0538858 0.0350253 0.0447132 0.0475483 0.0660539 0.0425274 0.0304182 0.0275182 0.0324704 0.0367192 0.0419584 0.0297634 -0.0037129 0.0203144 -0.0349287 -0.0377197 0.0449829 0.0328666 0.0411267 0.0014598 0.0254447 -0.0951907 0.0212576 -0.0195354 -0.0470462 -0.0484713 0.0221467 -0.0578774 0.0272581 -0.0773654 -0.2365399 -0.2417464 -0.2398262 -0.2351514 -0.2358489 -0.2335492 -0.2371624 -0.2395081 -0.2413083 -0.2465166 -0.2427392 -0.2442383 -0.2452434 -0.2437598 -0.2465891 -0.2436015 -0.2470912 -0.2466603
0.0565101 0.0599763 0.0586399 0.0589321 0.0567222 0.0611110 0.0595663 0.0586482 0.0594551 0.0564705 0.0552002 0.0554506 0.0588483 0.0577726 0.0629848 0.0660179 -0.0179438 -0.0049775 -0.0108338 -0.0271036 -0.0258467 -0.0177783 -0.0240404 -0.0151365 0.1054844 0.0848523 0.0815532 0.1071397 0.8569359 0.1011336 0.0956345 0.1103953 0.0753583 0.0542199 0.0633194 0.0790895 0.0689177 0.0692292 0.0725566 0.0699986 0.0594447 0.0582898 0.0649582 0.0530944 0.0525685 0.0715568 0.0613208 0.0463543 0.0076776 0.0375263 0.0279141 0.0176500 0.0292026 0.0498629 0.0464990 0.0182371 0.0268626 0.0324315 0.0638625 0.0386944 0.0744451 0.0626358 0.0619841 0.0531260 0.0423290 0.0607205 0.0442581 0.0459507 0.0494093 0.0681779 0.0479455 0.0301061 0.0223779 0.0395625 0.0397346 0.0417943 0.0308476 -0.0000584 0.0274679 -0.0310973 -0.0352978 0.0491747 0.0322296 0.0444906 0.0036974 0.0226193 -0.1021288 0.0197056 -0.0113533 -0.0327119 -0.0334560 0.0299827 -0.0574184 0.0303400 -0.0770425 -0.2446615 -0.2523556 -0.2482897 -0.2467429 -0.2473907 -0.2446726 -0.2478079 -0.2512097 -0.2509393 -0.2546237 -0.2552983 -0.2541245 -0.2559870 -0.2558371 -0.2570020 -0.2557046 -0.2568497 -0.2567941
0.0531092 0.0565698 0.0576934 0.0553643 0.0532698 0.0590248 0.0592651 0.0557481 0.0572637 0.0521516 0.0490960 0.0501468 0.0543008 0.0507135 0.0606763 0.0625426 -0.0184007 -0.0140167 -0.0180105 -0.0361068 -0.0351034 -0.0274194 -0.0316041 -0.0222255 0.1190644 0.0784399 0.0887532 0.0911943 0.1011336 0.8569714 0.1195426 0.1031658 0.0773434 0.0566967 0.0712699 0.0841953 0.0764659 0.0807502 0.0726991 0.0787376 0.0591396 0.0677342 0.0757069 0.0598231 0.0614873 0.0765093 0.0693046 0.0569081 0.0042525 0.0388217 0.0223288 0.0291777 0.0268271 0.0497249 0.0581409 0.0232952 0.0256170 0.0298619 0.0565041 0.0371818 0.0653467 0.0522714 0.0527057 0.0584627 0.0468488 0.0700804 0.0549021 0.0580193 0.0677133 0.0773567 0.0606017 0.0334035 0.0295489 0.0370559 0.0371920 0.0543919 0.0295078 0.0034907 0.0274633 -0.0282099 -0.0297160 0.0581185 0.0446673 0.0452334 0.0139641 0.0352963 -0.1053315 0.0286839 -0.0087472 -0.0326094 -0.0339871 0.0386014 -0.0549027 0.0407169 -0.0790498 -0.2560198 -0.2640280 -0.2583449 -0.2573180 -0.2579168 -0.2547394 -0.2575946 -0.2605036 -0.2603863 -0.2661636 -0.2649089 -0.2653865 -0.2652801 -0.2676205 -0.2669327 -0.2665418 -0.2681725 -0.2677524
0.0648066 0.0672780 0.0695210 0.0655615 0.0667569 0.0655823 0.0679775 0.0672769 0.0662018 0.0622258 0.0608913 0.0614269 0.0645114 0.0605581 0.0713306 0.0733695 -0.0204377 -0.0099939 -0.0123464 -0.0335334 -0.0252800 -0.0193186 -0.0235984 -0.0181115 0.1197055 0.0872300 0.0871668 0.0890504 0.0956345 0.1195426 0.8539701 0.1022730 0.0876698 0.0617481 0.0737290 0.0923257 0.0817205 0.0826103 0.0827754 0.0846646 0.0659182 0.0675553 0.0789133 0.0627500 0.0647665 0.0856064 0.0698531 0.0590194 -0.0021299 0.0502115 0.0277731 0.0349663 0.0324848 0.0519414 0.0589174 0.0284679 0.0237211 0.0288380 0.0661245 0.0387711 0.0590216 0.0443589 0.0442044 0.0546782 0.0522254 0.0707378 0.0568268 0.0600270 0.0654724 0.0838898 0.0593195 0.0290854 0.0278481 0.0457686 0.0455916 0.0459180 0.0311800 0.0030899 0.0275585 -0.0301634 -0.0378329 0.0527510 0.0441568 0.0484355 0.0093588 0.0326375 -0.1103678 0.0309352 -0.0077820 -0.0212986 -0.0221513 0.0432831 -0.0643045 0.0500150 -0.0854881 -0.2761259 -0.2829784 -0.2760937 -0.2762030 -0.2763531 -0.2731235 -0.2773209 -0.2793303 -0.2808435 -0.2848147 -0.2842602 -0.2842638 -0.2848287 -0.2861069 -0.2858689 -0.2864247 -0.2865582 -0.2855543
0.0499984 0.0555052 0.0533730 0.0527261 0.0508859 0.0536492 0.0544672 0.0537455 0.0561005 0.0508429 0.0455150 0.0491695 0.0530222 0.0494150 0.0565252 0.0639130 -0.0209991 -0.0165441 -0.0214070 -0.0411302 -0.0352633 -0.0304415 -0.0326151 -0.0212769 0.1029044 0.0817398 0.0890375 0.1030319 0.1103953 0.1031658 0.1022730 0.8604300 0.0823594 0.0514201 0.0639189 0.0876843 0.0738416 0.0674812 0.0737723 0.0694958 0.0599996 0.0700960 0.0642758 0.0535805 0.0537441 0.0813606 0.0709284 0.0366958 -0.0033386 0.0371338 0.0178921 0.0361904 0.0153546 0.0565246 0.0539527 0.0244148 0.0279006 0.0336859 0.0562412 0.0448321 0.0691908 0.0621745 0.0621964 0.0441133 0.0386854 0.0667988 0.0572537 0.0379020 0.0638946 0.0731696 0.0658194 0.0405150 0.0272821 0.0331462 0.0356719 0.0541615 0.0372454 -0.0033009 0.0229367 -0.0240133 -0.0267906 0.0590830 0.0382789 0.0451475 0.0135225 0.0318762 -0.0916897 0.0206136 -0.0069212 -0.0756937 -0.0767109 0.0283511 -0.0465122 0.0489841 -0.0754267 -0.2429017 -0.2481753 -0.2427001 -0.2425221 -0.2422634 -0.2400888 -0.2434294 -0.2458849 -0.2461373 -0.2500947 -0.2492872 -0.2515080 -0.2523856 -0.2533241 -0.2533504 -0.2524620 -0.2537262 -0.2521266
0.0668203 0.0666580 0.0688644 0.0679303 0.0663287 0.0699971 0.0706882 0.0705207 0.0680356 0.0662227 0.0618242 0.0638114 0.0683366 0.0623832 0.0714075 0.0780452 -0.0248680 -0.0078254 -0.0111250 -0.0227922 -0.0305901 -0.0119280 -0.0230980 -0.0159239 0.0851918 0.0856720 0.0817923 0.0686150 0.0753583 0.0773434 0.0876698 0.0823594 0.8539390 0.0635860 0.0787738 0.0976068 0.0782832 0.0873795 0.0912094 0.0902169 0.0609765 0.0702120 0.0815723 0.0637980 0.0659737 0.0726314 0.0642094 0.0722501 0.0045450 0.0596296 0.0366678 0.0241233 0.0415134 0.0494187 0.0544763 0.0267308 0.0298274 0.0333263 0.0767296 0.0417273 0.0740268 0.0634903 0.0620905 0.0654046 0.0581096 0.0659309 0.0542234 0.0709254 0.0555818 0.0764453 0.0537154 0.0267280 0.0243480 0.0516951 0.0481054 0.0460282 0.0350317 0.0117244 0.0306272 -0.0326122 -0.0402731 0.0468393 0.0388986 0.0478676 0.0071692 0.0373653 -0.1189222 0.0359784 -0.0047414 0.0051745 0.0045456 0.0435823 -0.0663093 0.0313738 -0.0738602 -0.2813690 -0.2842994 -0.2822433 -0.2814198 -0.2806969 -0.2782651 -0.2806071 -0.2844734 -0.2849558 -0.2902418 -0.2886531 -0.2896148 -0.2896163 -0.2906758 -0.2911463 -0.2885859 -0.2893248 -0.2904075
0.0572135 0.0590538 0.0593665 0.0579887 0.0585868 0.0578641 0.0607721 0.0601816 0.0583035 0.0566489 0.0555344 0.0565199 0.0578432 0.0569925 0.0589283 0.0588177 -0.0091095 0.0059674 0.0053200 -0.0002430 -0.0081219 0.0093338 -0.0038484 0.0032212 0.0565590 0.0568090 0.0565296 0.0505904 0.0542199 0.0566967 0.0617481 0.0514201 0.0635860 0.9267566 0.0515616 0.0616626 0.0556886 0.0572772 0.0597780 0.0585671 0.0420604 0.0425150 0.0567167 0.0445862 0.0481515 0.0497921 0.0445929 0.0568855 0.0069361 0.0430395 0.0307286 0.0133901 0.0360791 0.0313475 0.0371749 0.0192757 0.0192885 0.0225594 0.0493082 0.0290922 0.0474930 0.0390394 0.0385106 0.0489320 0.0433444 0.0422354 0.0336542 0.0576514 0.0340417 0.0524569 0.0340980 0.0123815 0.0188058 0.0369878 0.0356690 0.0286872 0.0213895 0.0139016 0.0245017 -0.0272429 -0.0334423 0.0259767 0.0263053 0.0327390 0.0030462 0.0210195 -0.0854059 0.0244803 -0.0034693 0.0399160 0.0393744 0.0354996 -0.0470445 0.0223641 -0.0551998 -0.1992415 -0.2035609 -0.2008905 -0.1996731 -0.1988685 -0.1972027 -0.1992024 -0.2015046 -0.2029146 -0.2065056 -0.2053064 -0.2065900 -0.2061782 -0.2071493 -0.2082939 -0.2068300 -0.2080726 -0.2071524
