0.8767204 0.1779508 0.1443901 0.1652516 0.1497230 0.1434435 0.1475018 0.1529017 0.1468300 0.1437143 0.1449401 0.1520169 0.1422439 0.1408050 0.1344473 0.1366703 0.0301375 0.0526985 0.0550709 0.0511275 0.0458750 0.0710659 0.0495218 0.0538554 0.0673339 0.0641980 0.0678306 0.0526173 0.0565103 0.0531099 0.0648074 0.0499987 0.0668206 0.0572145 0.0520467 0.0689967 0.0609150 0.0602379 0.0685885 0.0629895 0.0523068 0.0447793 0.0492354 0.0479117 0.0638257 0.0581646 0.0479808 0.0366092 -0.0148062 0.0356859 0.0197514 0.0065821 0.0172847 0.0299412 0.0190535 0.0076777 -0.0021401 0.0076995 0.0396832 0.0210320 0.0407774 0.0254018 0.0242192 0.0392919 0.0165017 0.0319347 0.0059387 0.0375700 0.0013288 0.0511504 0.0090476 -0.0103946 -0.0026050 0.0337077 0.0179077 0.0189503 0.0119099 -0.0104906 0.0118456 -0.0727863 -0.0829082 -0.0010887 0.0034306 0.0179353 -0.0339331 -0.0082202 -0.1233157 -0.0006107 -0.0369157 -0.0151082 -0.0154541 0.0112850 -0.0683162 -0.0048695 -0.1041186 -0.2737045 -0.2766675 -0.2758064 -0.2736025 -0.2733056 -0.2724868 -0.2729807 -0.2740438 -0.2754321 -0.2770081 -0.2792908 -0.2780479 -0.2780538 -0.2789506 -0.2792730 -0.2781205 -0.2817787 -0.2776616
0.1779508 0.8837966 0.1470406 0.1746800 0.1513931 0.1498588 0.1523421 0.1547960 0.1492874 0.1474916 0.1505851 0.1536109 0.1505762 0.1456550 0.1372435 0.1413842 0.0267809 0.0562874 0.0596181 0.0538559 0.0421934 0.0697289 0.0517995 0.0487193 0.0690381 0.0660069 0.0714309 0.0562371 0.0599765 0.0565704 0.0672787 0.0555055 0.0666581 0.0590548 0.0526550 0.0710856 0.0619056 0.0640455 0.0721395 0.0668075 0.0560876 0.0471269 0.0503297 0.0521059 0.0651261 0.0610187 0.0456268 0.0332914 -0.0157712 0.0403532 0.0199306 0.0065644 0.0180237 0.0295857 0.0201420 0.0075178 -0.0039858 0.0097689 0.0426255 0.0234667 0.0417940 0.0304798 0.0295516 0.0396267 0.0199825 0.0335222 0.0099681 0.0349270 0.0014517 0.0528130 0.0097462 -0.0101457 -0.0022017 0.0334043 0.0189617 0.0249413 0.0102988 -0.0125670 0.0144161 -0.0769175 -0.0844445 -0.0004106 0.0034909 0.0166410 -0.0377820 -0.0064395 -0.1258575 0.0023185 -0.0387773 -0.0201434 -0.0216080 0.0125518 -0.0710105 -0.0010897 -0.1054304 -0.2821293 -0.2860565 -0.2838534 -0.2817129 -0.2822665 -0.2822605 -0.2812989 -0.2856867 -0.2848984 -0.2864904 -0.2862363 -0.2886903 -0.2865269 -0.2877462 -0.2870337 -0.2872766 -0.2910281 -0.2869723
0.1443901 0.1470406 0.8788055 0.1438484 0.1893073 0.1825380 0.2004994 0.1902137 0.1533839 0.1522780 0.1535950 0.1564113 0.1528144 0.1498823 0.1421216 0.1442598 0.0347403 0.0553387 0.0645843 0.0519750 0.0473165 0.0726287 0.0542896 0.0526238 0.0675775 0.0648475 0.0727024 0.0595984 0.0586399 0.0576936 0.0695212 0.0533730 0.0688643 0.0593671 0.0548389 0.0744358 0.0658114 0.0608704 0.0711919 0.0689340 0.0602268 0.0499242 0.0483779 0.0496664 0.0684547 0.0651520 0.0482240 0.0317773 -0.0193452 0.0344315 0.0222345 0.0055106 0.0177699 0.0300672 0.0193897 0.0075375 -0.0018682 0.0070122 0.0362003 0.0209738 0.0381486 0.0236305 0.0238023 0.0337653 0.0140425 0.0278085 0.0066076 0.0329440 0.0003866 0.0492002 0.0084145 -0.0095301 -0.0033104 0.0347228 0.0204163 0.0208024 0.0091931 -0.0150155 0.0128999 -0.0799106 -0.0908630 -0.0005582 0.0055014 0.0156821 -0.0381514 -0.0066483 -0.1248815 -0.0068600 -0.0412698 -0.0221628 -0.0230344 0.0102175 -0.0732050 -0.0041244 -0.1101886 -0.2846873 -0.2887755 -0.2875077 -0.2832973 -0.2833240 -0.2827393 -0.2844454 -0.2851670 -0.2875464 -0.2890837 -0.2898017 -0.2906862 -0.2894932 -0.2897714 -0.2906633 -0.2898634 -0.2937943 -0.2910092
0.1652516 0.1746800 0.1438484 0.8849230 0.1446533 0.1438823 0.1438780 0.1499146 0.1450178 0.1395901 0.1452841 0.1461646 0.1396415 0.1405464 0.1330289 0.1361614 0.0296360 0.0527002 0.0574101 0.0492708 0.0405263 0.0674940 0.0501692 0.0513390 0.0682634 0.0633527 0.0699395 0.0583952 0.0589322 0.0553648 0.0655621 0.0527263 0.0679304 0.0579896 0.0537284 0.0684733 0.0619985 0.0643712 0.0697118 0.0658286 0.0551866 0.0477765 0.0545723 0.0520011 0.0669270 0.0602383 0.0463353 0.0369128 -0.0139475 0.0386932 0.0245268 0.0054761 0.0190195 0.0300669 0.0231385 0.0075435 -0.0003950 0.0113968 0.0418482 0.0249708 0.0398174 0.0280275 0.0279485 0.0405815 0.0213431 0.0296761 0.0061898 0.0391208 0.0014779 0.0534600 0.0097497 -0.0071716 -0.0026917 0.0344139 0.0212692 0.0211638 0.0111060 -0.0092511 0.0139479 -0.0743289 -0.0829764 0.0004167 0.0080716 0.0197482 -0.0358035 -0.0076784 -0.1246554 0.0005570 -0.0379592 -0.0134844 -0.0133345 0.0147868 -0.0698235 -0.0024562 -0.1022396 -0.2765893 -0.2794206 -0.2770078 -0.2747456 -0.2763946 -0.2746288 -0.2755326 -0.2776712 -0.2783508 -0.2810797 -0.2807686 -0.2814838 -0.2811301 -0.2808876 -0.2807693 -0.2798646 -0.2847867 -0.2793597
0.1497230 0.1513931 0.1893073 0.1446533 0.8918026 0.1974374 0.2027105 0.2000632 0.1560681 0.1541900 0.1566515 0.1605048 0.1548867 0.1527669 0.1419794 0.1474501 0.0337881 0.0622944 0.0654134 0.0602027 0.0518584 0.0793572 0.0612798 0.0585302 0.0684533 0.0628736 0.0708814 0.0552175 0.0567227 0.0532707 0.0667579 0.0508864 0.0663291 0.0585875 0.0491129 0.0714283 0.0608035 0.0610632 0.0720703 0.0644988 0.0610458 0.0473455 0.0462074 0.0498233 0.0674201 0.0599115 0.0474190 0.0280317 -0.0178789 0.0353176 0.0190633 0.0073622 0.0147876 0.0290746 0.0159115 0.0046457 -0.0051957 0.0063510 0.0365700 0.0152106 0.0387717 0.0279540 0.0246569 0.0343078 0.0165022 0.0281970 0.0025943 0.0288735 -0.0038506 0.0525452 0.0038448 -0.0148916 -0.0074493 0.0335286 0.0188358 0.0204032 0.0070885 -0.0166188 0.0113584 -0.0821544 -0.0944069 -0.0042944 -0.0002351 0.0133994 -0.0397569 -0.0089089 -0.1255196 -0.0068184 -0.0414205 -0.0208213 -0.0214274 0.0093983 -0.0728500 -0.0111217 -0.1072335 -0.2829656 -0.2849889 -0.2833447 -0.2800298 -0.2810373 -0.2800642 -0.2812017 -0.2817984 -0.2823387 -0.2847033 -0.2871984 -0.2870262 -0.2862676 -0.2871610 -0.2863655 -0.2860315 -0.2911048 -0.2857608
0.1434435 0.1498588 0.1825380 0.1438823 0.1974374 0.8860973 0.1952544 0.1932881 0.1536340 0.1520949 0.1541306 0.1597954 0.1511690 0.1501863 0.1411745 0.1462465 0.0353272 0.0566584 0.0633823 0.0534231 0.0477624 0.0713451 0.0552951 0.0535416 0.0720807 0.0671079 0.0728055 0.0579729 0.0611109 0.0590250 0.0655826 0.0536490 0.0699968 0.0578647 0.0498896 0.0703572 0.0588621 0.0573811 0.0660953 0.0655744 0.0603712 0.0485854 0.0498148 0.0496808 0.0676763 0.0619176 0.0492390 0.0246607 -0.0179976 0.0321582 0.0147160 0.0093077 0.0128597 0.0313524 0.0166965 0.0084754 -0.0080638 0.0054691 0.0323422 0.0172883 0.0359473 0.0210219 0.0199127 0.0355291 0.0155457 0.0329783 0.0062232 0.0258237 0.0040919 0.0530755 0.0061597 -0.0108846 -0.0057463 0.0325752 0.0176834 0.0208915 0.0097741 -0.0196718 0.0124192 -0.0781376 -0.0907782 0.0002701 0.0059401 0.0159858 -0.0381216 -0.0035824 -0.1236514 -0.0070224 -0.0400924 -0.0344514 -0.0361482 0.0096953 -0.0695938 -0.0079869 -0.1059512 -0.2820815 -0.2839351 -0.2840064 -0.2802565 -0.2805124 -0.2796518 -0.2811802 -0.2831127 -0.2820432 -0.2868877 -0.2860094 -0.2864370 -0.2873524 -0.2878792 -0.2859180 -0.2852252 -0.2889552 -0.2876327
0.1475018 0.1523421 0.2004994 0.1438780 0.2027105 0.1952544 0.8845721 0.2068970 0.1562394 0.1553253 0.1576291 0.1626070 0.1540977 0.1558291 0.1413629 0.1487765 0.0313456 0.0579996 0.0654667 0.0579349 0.0482069 0.0732369 0.0566493 0.0506542 0.0704111 0.0662783 0.0727786 0.0589756 0.0595664 0.0592654 0.0679779 0.0544671 0.0706881 0.0607730 0.0545494 0.0736182 0.0606876 0.0629791 0.0725776 0.0713707 0.0605999 0.0468044 0.0500530 0.0513295 0.0671502 0.0606865 0.0483542 0.0300227 -0.0167419 0.0355163 0.0195471 0.0062272 0.0153326 0.0311219 0.0160408 0.0080821 -0.0028449 0.0056363 0.0334984 0.0134044 0.0341182 0.0235044 0.0207913 0.0383456 0.0200107 0.0339122 0.0089052 0.0319309 0.0015204 0.0554391 0.0075273 -0.0117803 -0.0054547 0.0346816 0.0201303 0.0216975 0.0086096 -0.0146559 0.0120828 -0.0799228 -0.0912336 -0.0016243 0.0057712 0.0136227 -0.0377751 -0.0059839 -0.1301160 -0.0067197 -0.0405685 -0.0195677 -0.0209341 0.0098879 -0.0747334 -0.0087090 -0.1113511 -0.2910349 -0.2950172 -0.2927120 -0.2909549 -0.2909184 -0.2883974 -0.2918124 -0.2930278 -0.2927055 -0.2959024 -0.2958630 -0.2979715 -0.2953424 -0.2973962 -0.2963583 -0.2969214 -0.2972225 -0.2963870
0.1529017 0.1547960 0.1902137 0.1499146 0.2000632 0.1932881 0.2068970 0.8924391 0.1609471 0.1561620 0.1607020 0.1676096 0.1561454 0.1577075 0.1463505 0.1492441 0.0356561 0.0589981 0.0701417 0.0590438 0.0518441 0.0786022 0.0596231 0.0532515 0.0705768 0.0669315 0.0718622 0.0574830 0.0586484 0.0557487 0.0672775 0.0537457 0.0705207 0.0601825 0.0523942 0.0733993 0.0619518 0.0626158 0.0718484 0.0683231 0.0615109 0.0464523 0.0498439 0.0525490 0.0660427 0.0630181 0.0471078 0.0289509 -0.0174139 0.0353814 0.0157127 0.0103813 0.0131445 0.0319240 0.0188204 0.0071552 -0.0052158 0.0024283 0.0287487 0.0161963 0.0325673 0.0178935 0.0160152 0.0340254 0.0164798 0.0332135 0.0061769 0.0295512 0.0029512 0.0527181 0.0078274 -0.0105536 -0.0057665 0.0363283 0.0178188 0.0211817 0.0087534 -0.0170358 0.0118404 -0.0798595 -0.0914463 -0.0033129 0.0056965 0.0145655 -0.0350854 -0.0072730 -0.1275606 -0.0031124 -0.0412177 -0.0231339 -0.0244665 0.0109437 -0.0728754 -0.0052683 -0.1077622 -0.2892063 -0.2921452 -0.2901339 -0.2871192 -0.2884372 -0.2872120 -0.2887034 -0.2905908 -0.2911555 -0.2930587 -0.2944766 -0.2936943 -0.2942281 -0.2942902 -0.2943855 -0.2933212 -0.2974232 -0.2937613
0.1468300 0.1492874 0.1533839 0.1450178 0.1560681 0.1536340 0.1562394 0.1609471 0.8927984 0.1877201 0.1968632 0.1939702 0.1907019 0.1851068 0.1486861 0.1539070 0.0363886 0.0609516 0.0662380 0.0609472 0.0505697 0.0742514 0.0609182 0.0563725 0.0717942 0.0631960 0.0713845 0.0593355 0.0594551 0.0572640 0.0662022 0.0561004 0.0680353 0.0583043 0.0503346 0.0709576 0.0604633 0.0601164 0.0675867 0.0655303 0.0600225 0.0428162 0.0460398 0.0557943 0.0699548 0.0625191 0.0518350 0.0261726 -0.0179948 0.0333039 0.0186217 0.0035847 0.0099490 0.0316499 0.0225476 0.0081835 -0.0071870 0.0080731 0.0288554 0.0174247 0.0301562 0.0170228 0.0167050 0.0323012 0.0140938 0.0352127 0.0085037 0.0275112 0.0031520 0.0540142 0.0091658 -0.0091045 -0.0006605 0.0317191 0.0159652 0.0192354 0.0038975 -0.0177282 0.0118450 -0.0781802 -0.0853545 0.0003530 0.0001309 0.0168007 -0.0390161 -0.0087589 -0.1204595 -0.0031002 -0.0414116 -0.0394955 -0.0395238 0.0112995 -0.0724788 -0.0044366 -0.1088180 -0.2850868 -0.2872951 -0.2846094 -0.2823097 -0.2825076 -0.2825456 -0.2839082 -0.2853521 -0.2860916 -0.2875985 -0.2893339 -0.2877760 -0.2887692 -0.2894013 -0.2879846 -0.2894815 -0.2942673 -0.2882551
0.1437143 0.1474916 0.1522780 0.1395901 0.1541900 0.1520949 0.1553253 0.1561620 0.1877201 0.8883799 0.1851777 0.1908486 0.1990760 0.1839806 0.1413473 0.1485567 0.0338685 0.0597753 0.0629488 0.0617726 0.0508709 0.0740817 0.0596197 0.0583038 0.0671007 0.0617347 0.0673806 0.0571867 0.0564707 0.0521523 0.0622265 0.0508431 0.0662229 0.0566497 0.0500810 0.0699608 0.0557981 0.0571027 0.0685235 0.0653405 0.0553642 0.0428001 0.0458119 0.0538321 0.0660427 0.0576538 0.0463012 0.0278581 -0.0199874 0.0336494 0.0173822 0.0076928 0.0123729 0.0318658 0.0153117 0.0075605 -0.0069107 0.0046070 0.0295070 0.0161593 0.0307566 0.0176981 0.0154730 0.0302921 0.0154312 0.0307073 0.0043460 0.0284286 -0.0011048 0.0480428 0.0043464 -0.0113022 -0.0033320 0.0297060 0.0142717 0.0181794 0.0042415 -0.0168828 0.0110823 -0.0769749 -0.0889270 -0.0030054 0.0011617 0.0150351 -0.0411994 -0.0077672 -0.1210074 -0.0076806 -0.0416399 -0.0305916 -0.0300508 0.0090138 -0.0708183 -0.0090541 -0.1044583 -0.2778683 -0.2793737 -0.2795867 -0.2745690 -0.2749562 -0.2739172 -0.2769724 -0.2766997 -0.2782018 -0.2799201 -0.2817461 -0.2814151 -0.2801284 -0.2813969 -0.2812432 -0.2807538 -0.2844393 -0.2813373
0.1449401 0.1505851 0.1535950 0.1452841 0.1566515 0.1541306 0.1576291 0.1607020 0.1968632 0.1851777 0.9120518 0.2027627 0.1902899 0.1868661 0.1483777 0.1502651 0.0402044 0.0662473 0.0744867 0.0667767 0.0581826 0.0818242 0.0665466 0.0615332 0.0633897 0.0580015 0.0653152 0.0543338 0.0552005 0.0490967 0.0608921 0.0455153 0.0618245 0.0555351 0.0466397 0.0668012 0.0569247 0.0562428 0.0657868 0.0606447 0.0558938 0.0409874 0.0442174 0.0511944 0.0658135 0.0572033 0.0437354 0.0243375 -0.0187916 0.0305153 0.0187788 0.0024877 0.0110383 0.0259544 0.0151230 0.0054126 -0.0095625 0.0056019 0.0283381 0.0166547 0.0249153 0.0115575 0.0102598 0.0302899 0.0109649 0.0275960 0.0017213 0.0254166 -0.0052126 0.0445251 0.0008462 -0.0161640 -0.0056043 0.0297611 0.0149863 0.0150939 0.0022627 -0.0159643 0.0064370 -0.0785442 -0.0896218 -0.0081176 0.0003352 0.0109874 -0.0437246 -0.0143059 -0.1191641 -0.0072485 -0.0449190 -0.0258275 -0.0256480 0.0096356 -0.0724455 -0.0085317 -0.1061714 -0.2711958 -0.2745322 -0.2731412 -0.2688070 -0.2704318 -0.2700800 -0.2710364 -0.2722448 -0.2723357 -0.2725403 -0.2757319 -0.2756594 -0.2754347 -0.2769386 -0.2751152 -0.2776603 -0.2815412 -0.2754900
0.1520169 0.1536109 0.1564113 0.1461646 0.1605048 0.1597954 0.1626070 0.1676096 0.1939702 0.1908486 0.2027627 0.9053744 0.1953481 0.1903883 0.1457490 0.1557779 0.0378071 0.0655126 0.0706458 0.0641802 0.0538294 0.0807030 0.0649037 0.0590363 0.0653553 0.0585016 0.0680535 0.0554949 0.0554509 0.0501474 0.0614276 0.0491696 0.0638114 0.0565207 0.0516544 0.0709810 0.0587196 0.0560212 0.0671810 0.0621900 0.0585549 0.0415834 0.0472048 0.0515769 0.0683424 0.0570936 0.0478076 0.0229898 -0.0217763 0.0300581 0.0162267 0.0044052 0.0121420 0.0310143 0.0158755 0.0044121 -0.0085882 0.0087139 0.0260315 0.0133216 0.0237134 0.0110697 0.0100993 0.0290612 0.0129654 0.0289602 0.0051046 0.0245869 -0.0020085 0.0497537 0.0060601 -0.0147630 -0.0049865 0.0276116 0.0118969 0.0178921 0.0028252 -0.0206494 0.0096951 -0.0773634 -0.0889337 -0.0062256 0.0003068 0.0097385 -0.0448954 -0.0115696 -0.1187901 -0.0089543 -0.0438859 -0.0323273 -0.0330644 0.0059102 -0.0695984 -0.0114591 -0.1083785 -0.2791883 -0.2805710 -0.2791117 -0.2762375 -0.2772610 -0.2770238 -0.2780231 -0.2778446 -0.2807915 -0.2796797 -0.2817640 -0.2821767 -0.2821979 -0.2820331 -0.2814436 -0.2830527 -0.2866485 -0.2829245
0.1422439 0.1505762 0.1528144 0.1396415 0.1548867 0.1511690 0.1540977 0.1561454 0.1907019 0.1990760 0.1902899 0.1953481 0.8948926 0.1916759 0.1448508 0.1494482 0.0317751 0.0604166 0.0653795 0.0589499 0.0498884 0.0755375 0.0598656 0.0553977 0.0671222 0.0621984 0.0723858 0.0572905 0.0588484 0.0543012 0.0645120 0.0530223 0.0683366 0.0578438 0.0482264 0.0706359 0.0612121 0.0610220 0.0706382 0.0639087 0.0572535 0.0437896 0.0480378 0.0560979 0.0670266 0.0607077 0.0509609 0.0249498 -0.0195609 0.0344584 0.0150221 0.0092024 0.0158301 0.0274876 0.0193289 0.0058095 -0.0071115 0.0077490 0.0344442 0.0169874 0.0362528 0.0204704 0.0199488 0.0302078 0.0174047 0.0319112 0.0041946 0.0270359 -0.0009567 0.0505074 0.0056911 -0.0102793 -0.0060431 0.0325820 0.0161889 0.0211325 0.0060714 -0.0158840 0.0119470 -0.0809671 -0.0899148 -0.0037559 -0.0005441 0.0162271 -0.0422285 -0.0099516 -0.1232762 -0.0068037 -0.0428352 -0.0342224 -0.0341355 0.0087356 -0.0744006 -0.0069123 -0.1092666 -0.2825740 -0.2856040 -0.2838868 -0.2786856 -0.2799151 -0.2800625 -0.2820420 -0.2826748 -0.2838047 -0.2849506 -0.2876665 -0.2860911 -0.2873742 -0.2881423 -0.2869328 -0.2865066 -0.2919428 -0.2871872
0.1408050 0.1456550 0.1498823 0.1405464 0.1527669 0.1501863 0.1558291 0.1577075 0.1851068 0.1839806 0.1868661 0.1903883 0.1916759 0.8974751 0.1449292 0.1431031 0.0373678 0.0620080 0.0684965 0.0585777 0.0509553 0.0774662 0.0593090 0.0581394 0.0681324 0.0568508 0.0660632 0.0562696 0.0577727 0.0507139 0.0605585 0.0494150 0.0623831 0.0569931 0.0493290 0.0694279 0.0599365 0.0574542 0.0670011 0.0656472 0.0550228 0.0435283 0.0487992 0.0528541 0.0657522 0.0588264 0.0475807 0.0298874 -0.0180235 0.0333237 0.0176785 0.0053020 0.0129096 0.0270165 0.0179153 0.0080488 -0.0090605 0.0065433 0.0315550 0.0163970 0.0304526 0.0156082 0.0144992 0.0335798 0.0162213 0.0288887 0.0036358 0.0312892 -0.0004704 0.0484759 0.0041526 -0.0146041 -0.0045031 0.0317714 0.0171143 0.0209278 0.0069294 -0.0158326 0.0101196 -0.0787161 -0.0880364 -0.0068217 0.0007112 0.0131947 -0.0420186 -0.0098372 -0.1216229 -0.0069540 -0.0420903 -0.0238594 -0.0240818 0.0113799 -0.0736242 -0.0020731 -0.1073511 -0.2779031 -0.2802465 -0.2788494 -0.2762897 -0.2766525 -0.2752655 -0.2780305 -0.2779033 -0.2794516 -0.2797828 -0.2822279 -0.2822632 -0.2808146 -0.2831725 -0.2824873 -0.2820199 -0.2853506 -0.2830708
0.1344473 0.1372435 0.1421216 0.1330289 0.1419794 0.1411745 0.1413629 0.1463505 0.1486861 0.1413473 0.1483777 0.1457490 0.1448508 0.1449292 0.8757325 0.1386568 0.0286414 0.0485985 0.0535285 0.0421068 0.0387700 0.0654271 0.0448882 0.0440806 0.0701003 0.0671062 0.0749947 0.0608514 0.0629849 0.0606766 0.0713311 0.0565253 0.0714075 0.0589297 0.0590181 0.0715009 0.0628785 0.0664547 0.0711644 0.0692845 0.0588846 0.0502212 0.0526903 0.0557840 0.0659108 0.0665978 0.0481442 0.0351555 -0.0141734 0.0374460 0.0234511 0.0103821 0.0175241 0.0361348 0.0274434 0.0084272 0.0016229 0.0159264 0.0403182 0.0245351 0.0394554 0.0262524 0.0229804 0.0349549 0.0228686 0.0361486 0.0152411 0.0365583 0.0096606 0.0551910 0.0159976 -0.0015261 0.0031238 0.0333238 0.0213460 0.0233116 0.0103023 -0.0122503 0.0156825 -0.0680635 -0.0781065 0.0089469 0.0141254 0.0224023 -0.0287343 -0.0013355 -0.1211725 0.0017912 -0.0345214 -0.0259364 -0.0259749 0.0139478 -0.0661741 0.0008379 -0.1005499 -0.2781059 -0.2829719 -0.2824487 -0.2787453 -0.2784590 -0.2767039 -0.2810018 -0.2809568 -0.2812463 -0.2843738 -0.2849207 -0.2848581 -0.2846686 -0.2848197 -0.2856265 -0.2851854 -0.2882962 -0.2859232
0.1366703 0.1413842 0.1442598 0.1361614 0.1474501 0.1462465 0.1487765 0.1492441 0.1539070 0.1485567 0.1502651 0.1557779 0.1494482 0.1431031 0.1386568 0.8780547 0.0257452 0.0508976 0.0541695 0.0483621 0.0399554 0.0626618 0.0469796 0.0468294 0.0737555 0.0716658 0.0767415 0.0620752 0.0660181 0.0625432 0.0733701 0.0639132 0.0780454 0.0588191 0.0591939 0.0768012 0.0632335 0.0668902 0.0726510 0.0684730 0.0629643 0.0535735 0.0569667 0.0532464 0.0665626 0.0690237 0.0543524 0.0301037 -0.0135046 0.0357221 0.0224680 0.0108949 0.0158060 0.0375346 0.0256000 0.0076145 -0.0003545 0.0150176 0.0396739 0.0248025 0.0433771 0.0283520 0.0268501 0.0356219 0.0227155 0.0403324 0.0153486 0.0323761 0.0080018 0.0557841 0.0181121 -0.0033252 0.0032055 0.0366829 0.0201670 0.0296709 0.0129640 -0.0144899 0.0155286 -0.0693334 -0.0793490 0.0093276 0.0090221 0.0194795 -0.0292891 -0.0016823 -0.1214859 0.0010938 -0.0357184 -0.0360002 -0.0367223 0.0146905 -0.0491068 -0.0016475 -0.1044128 -0.2833429 -0.2866334 -0.2853144 -0.2795564 -0.2823375 -0.2795973 -0.2829113 -0.2840737 -0.2856594 -0.2871007 -0.2888781 -0.2888150 -0.2886188 -0.2897715 -0.2893924 -0.2894193 -0.2923065 -0.2891996
0.0301375 0.0267809 0.0347403 0.0296360 0.0337881 0.0353272 0.0313456 0.0356561 0.0363886 0.0338685 0.0402044 0.0378071 0.0317751 0.0373678 0.0286414 0.0257452 0.9752915 0.0423326 0.0472407 0.0548650 0.0602210 0.0356251 0.0473711 0.0571442 -0.0100818 -0.0168524 -0.0125328 -0.0087989 -0.0179435 -0.0184004 -0.0204374 -0.0209990 -0.0248679 -0.0091102 -0.0123574 -0.0162557 -0.0138259 -0.0166363 -0.0173252 -0.0169999 0.0019936 -0.0080525 -0.0299384 -0.0119558 -0.0101312 -0.0054720 -0.0059573 -0.0503108 -0.0085255 -0.0270798 -0.0246652 -0.0026256 -0.0430630 -0.0051138 -0.0128103 -0.0166930 -0.0191561 -0.0238001 -0.0478187 -0.0216827 -0.0430810 -0.0545184 -0.0539157 -0.0310115 -0.0334655 -0.0133347 -0.0265154 -0.0487743 -0.0216823 -0.0193314 -0.0206081 -0.0102022 -0.0153820 -0.0155161 -0.0251972 -0.0198333 -0.0168264 -0.0341062 -0.0164459 -0.0133099 -0.0128530 -0.0189721 -0.0106190 -0.0218169 -0.0165770 -0.0246369 0.0027720 -0.0234091 -0.0185912 -0.0875367 -0.0878816 -0.0375798 -0.0038451 -0.0122193 -0.0151062 0.0115410 0.0116002 0.0122318 0.0137933 0.0118256 0.0119162 0.0124282 0.0139600 0.0128092 0.0135518 0.0121111 0.0109340 0.0119503 0.0111064 0.0115941 0.0128942 0.0043099 0.0107471
0.0526985 0.0562874 0.0553387 0.0527002 0.0622944 0.0566584 0.0579996 0.0589981 0.0609516 0.0597753 0.0662473 0.0655126 0.0604166 0.0620080 0.0485985 0.0508976 0.0423326 0.9517176 0.0675025 0.0658740 0.0571323 0.0625990 0.0609519 0.0569049 0.0005472 -0.0104850 -0.0029564 -0.0084484 -0.0049771 -0.0140163 -0.0099936 -0.0165438 -0.0078254 0.0059667 -0.0108784 -0.0072394 -0.0045771 -0.0048735 -0.0026283 -0.0065728 0.0034469 -0.0182210 -0.0088267 0.0010981 0.0074485 -0.0072557 -0.0088064 -0.0205686 -0.0163759 -0.0107890 -0.0086105 -0.0227352 -0.0192531 -0.0038133 -0.0244612 -0.0145496 -0.0242947 -0.0161200 -0.0302438 -0.0178230 -0.0351608 -0.0454333 -0.0461622 -0.0120837 -0.0185941 -0.0172324 -0.0261971 -0.0202075 -0.0318994 -0.0100441 -0.0249379 -0.0206444 -0.0169744 -0.0056534 -0.0160549 -0.0070969 -0.0202509 -0.0148525 -0.0082167 -0.0301531 -0.0372362 -0.0258904 -0.0134141 -0.0188674 -0.0236328 -0.0169178 -0.0263895 -0.0226567 -0.0241051 -0.0167429 -0.0161780 -0.0150548 -0.0166702 -0.0270728 -0.0251216 -0.0450392 -0.0479764 -0.0469775 -0.0428904 -0.0448122 -0.0449803 -0.0469048 -0.0461564 -0.0443761 -0.0440154 -0.0475962 -0.0487954 -0.0496142 -0.0482247 -0.0470317 -0.0477251 -0.0530082 -0.0461255
0.0550709 0.0596181 0.0645843 0.0574101 0.0654134 0.0633823 0.0654667 0.0701417 0.0662380 0.0629488 0.0744867 0.0706458 0.0653795 0.0684965 0.0535285 0.0541695 0.0472407 0.0675025 0.9676282 0.0719660 0.0713511 0.0738279 0.0652029 0.0651832 -0.0036760 -0.0064267 -0.0002933 -0.0103600 -0.0108337 -0.0180105 -0.0123462 -0.0214072 -0.0111251 0.0053188 -0.0177545 -0.0040999 -0.0083601 -0.0078807 -0.0040244 -0.0025064 -0.0007301 -0.0183543 -0.0144343 -0.0049552 0.0142683 -0.0076211 -0.0136398 -0.0188467 -0.0137540 -0.0074489 -0.0090789 -0.0250338 -0.0118478 -0.0080768 -0.0211304 -0.0092887 -0.0302157 -0.0216110 -0.0288475 -0.0157430 -0.0327199 -0.0390040 -0.0382578 -0.0077977 -0.0228067 -0.0233453 -0.0313764 -0.0169050 -0.0433605 -0.0119672 -0.0369704 -0.0357969 -0.0230761 -0.0056593 -0.0192975 -0.0169577 -0.0208000 -0.0208847 -0.0148271 -0.0333836 -0.0369679 -0.0389674 -0.0157521 -0.0282648 -0.0352347 -0.0260739 -0.0322014 -0.0249286 -0.0387515 -0.0096304 -0.0101392 -0.0195979 -0.0223375 -0.0306044 -0.0355776 -0.0429506 -0.0451321 -0.0457687 -0.0423476 -0.0415008 -0.0430829 -0.0436253 -0.0423817 -0.0448179 -0.0403205 -0.0445725 -0.0463914 -0.0441146 -0.0439763 -0.0457041 -0.0434725 -0.0467059 -0.0460705
0.0511275 0.0538559 0.0519750 0.0492708 0.0602027 0.0534231 0.0579349 0.0590438 0.0609472 0.0617726 0.0667767 0.0641802 0.0589499 0.0585777 0.0421068 0.0483621 0.0548650 0.0658740 0.0719660 1.0101197 0.0660850 0.0950141 0.0916493 0.0703079 -0.0225802 -0.0207744 -0.0191333 -0.0246141 -0.0271033 -0.0361067 -0.0335330 -0.0411301 -0.0227922 -0.0002460 -0.0255013 -0.0195150 -0.0132011 -0.0180425 -0.0137608 -0.0190281 -0.0179723 -0.0317489 -0.0278117 -0.0176388 -0.0027186 -0.0284824 -0.0329045 -0.0076097 -0.0185467 -0.0094061 -0.0013582 -0.0252383 0.0026212 -0.0232182 -0.0348125 -0.0339403 -0.0293238 -0.0179654 -0.0151121 -0.0145601 -0.0160474 -0.0161158 -0.0162105 -0.0211929 -0.0242432 -0.0489912 -0.0512978 -0.0078557 -0.0705581 -0.0222085 -0.0559008 -0.0524435 -0.0299628 -0.0011695 -0.0160207 -0.0317254 -0.0300284 -0.0181130 -0.0190859 -0.0436279 -0.0658063 -0.0568718 -0.0511705 -0.0252517 -0.0583746 -0.0385026 -0.0203302 -0.0243506 -0.0284526 0.0334744 0.0350298 -0.0268693 -0.0167759 -0.0648891 -0.0210455 -0.0136592 -0.0148903 -0.0150683 -0.0115519 -0.0096661 -0.0147807 -0.0144168 -0.0089756 -0.0106024 -0.0079922 -0.0100980 -0.0113093 -0.0089104 -0.0107200 -0.0083767 -0.0098317 -0.0125765 -0.0127938
0.0458750 0.0421934 0.0473165 0.0405263 0.0518584 0.0477624 0.0482069 0.0518441 0.0505697 0.0508709 0.0581826 0.0538294 0.0498884 0.0509553 0.0387700 0.0399554 0.0602210 0.0571323 0.0713511 0.0660850 1.0013651 0.0723728 0.0693110 0.0694953 -0.0197909 -0.0202615 -0.0122822 -0.0227823 -0.0258466 -0.0351034 -0.0252798 -0.0352634 -0.0305903 -0.0081237 -0.0284465 -0.0232145 -0.0280394 -0.0204008 -0.0204592 -0.0197099 -0.0071040 -0.0254822 -0.0320320 -0.0170805 -0.0071208 -0.0188606 -0.0224765 -0.0441858 -0.0146322 -0.0186557 -0.0231797 -0.0126012 -0.0234901 -0.0224553 -0.0369351 -0.0236468 -0.0329298 -0.0323513 -0.0463310 -0.0269054 -0.0448409 -0.0458336 -0.0478477 -0.0246837 -0.0356978 -0.0347587 -0.0404885 -0.0451141 -0.0475425 -0.0221422 -0.0372393 -0.0304647 -0.0259542 -0.0157323 -0.0257529 -0.0342196 -0.0264877 -0.0178077 -0.0256436 -0.0292663 -0.0344735 -0.0415565 -0.0314251 -0.0256682 -0.0380322 -0.0390275 -0.0004813 -0.0282733 -0.0231065 -0.0363678 -0.0369624 -0.0265269 -0.0058158 -0.0284967 -0.0204802 0.0100454 0.0123319 0.0126137 0.0143225 0.0137026 0.0117148 0.0116212 0.0140833 0.0129417 0.0150919 0.0116033 0.0117592 0.0136153 0.0110905 0.0137209 0.0127019 0.0068237 0.0126780
0.0710659 0.0697289 0.0726287 0.0674940 0.0793572 0.0713451 0.0732369 0.0786022 0.0742514 0.0740817 0.0818242 0.0807030 0.0755375 0.0774662 0.0654271 0.0626618 0.0356251 0.0625990 0.0738279 0.0950141 0.0723728 0.9949054 0.0841502 0.0808143 -0.0165251 -0.0064288 -0.0069364 -0.0093480 -0.0177783 -0.0274196 -0.0193186 -0.0304419 -0.0119281 0.0093310 -0.0161396 -0.0092563 -0.0092651 -0.0033764 -0.0064534 -0.0031807 -0.0070375 -0.0243581 -0.0133789 -0.0080162 0.0080978 -0.0177426 -0.0216105 -0.0001294 -0.0171886 -0.0065895 0.0064738 -0.0232594 0.0122808 -0.0202463 -0.0318426 -0.0255229 -0.0309865 -0.0119902 0.0018851 -0.0077370 -0.0061782 0.0011288 0.0005582 -0.0088896 -0.0261240 -0.0449926 -0.0531599 -0.0001744 -0.0656489 -0.0154433 -0.0572602 -0.0490054 -0.0277028 -0.0018865 -0.0139460 -0.0213298 -0.0209163 -0.0032013 0.0006984 -0.0519653 -0.0689802 -0.0549291 -0.0435128 -0.0168659 -0.0581627 -0.0330067 -0.0403997 -0.0251836 -0.0370876 0.0422843 0.0442705 -0.0233559 -0.0293505 -0.0524532 -0.0361697 -0.0569187 -0.0561760 -0.0592673 -0.0539932 -0.0541532 -0.0578878 -0.0538756 -0.0540691 -0.0562879 -0.0517653 -0.0540968 -0.0535495 -0.0517890 -0.0537403 -0.0510629 -0.0557088 -0.0567169 -0.0548200
0.0495218 0.0517995 0.0542896 0.0501692 0.0612798 0.0552951 0.0566493 0.0596231 0.0609182 0.0596197 0.0665466 0.0649037 0.0598656 0.0593090 0.0448882 0.0469796 0.0473711 0.0609519 0.0652029 0.0916493 0.0693110 0.0841502 0.9864680 0.0714653 -0.0187704 -0.0214544 -0.0180884 -0.0219300 -0.0240403 -0.0316041 -0.0235983 -0.0326152 -0.0230980 -0.0038510 -0.0253831 -0.0223911 -0.0207503 -0.0194929 -0.0186646 -0.0183179 -0.0060246 -0.0232341 -0.0270569 -0.0148235 -0.0075134 -0.0173950 -0.0255530 -0.0262795 -0.0258948 -0.0160553 -0.0072241 -0.0181855 -0.0152231 -0.0201077 -0.0360368 -0.0258949 -0.0359158 -0.0143015 -0.0179955 -0.0161666 -0.0224199 -0.0189988 -0.0182724 -0.0291171 -0.0368797 -0.0383497 -0.0515537 -0.0266611 -0.0608847 -0.0228051 -0.0554282 -0.0396379 -0.0331596 -0.0075342 -0.0249236 -0.0284800 -0.0243090 -0.0252991 -0.0157432 -0.0360804 -0.0538154 -0.0448327 -0.0394887 -0.0206931 -0.0455753 -0.0354301 -0.0193337 -0.0210699 -0.0279916 -0.0174445 -0.0168741 -0.0350620 -0.0161305 -0.0476474 -0.0220100 -0.0053228 -0.0033949 -0.0074427 -0.0001251 -0.0043185 -0.0028962 -0.0031389 -0.0016631 -0.0028849 0.0009410 -0.0036617 -0.0035906 -0.0009704 -0.0012362 -0.0000029 -0.0028134 -0.0066483 0.0004902
0.0538554 0.0487193 0.0526238 0.0513390 0.0585302 0.0535416 0.0506542 0.0532515 0.0563725 0.0583038 0.0615332 0.0590363 0.0553977 0.0581394 0.0440806 0.0468294 0.0571442 0.0569049 0.0651832 0.0703079 0.0694953 0.0808143 0.0714653 0.9721472 -0.0087438 -0.0046134 -0.0095924 -0.0089882 -0.0151363 -0.0222252 -0.0181112 -0.0212769 -0.0159240 0.0032194 -0.0201099 -0.0097908 -0.0088894 -0.0055549 -0.0048289 -0.0101040 -0.0004947 -0.0187837 -0.0185424 -0.0075796 0.0045031 -0.0096997 -0.0125051 -0.0205717 -0.0194013 -0.0105668 -0.0024500 -0.0125263 -0.0108019 -0.0146400 -0.0194907 -0.0209003 -0.0247741 -0.0178957 -0.0180009 -0.0205835 -0.0159891 -0.0188863 -0.0197699 -0.0187178 -0.0264300 -0.0338254 -0.0397093 -0.0199001 -0.0433139 -0.0098519 -0.0368865 -0.0284904 -0.0199239 -0.0094172 -0.0173930 -0.0174858 -0.0158160 -0.0112122 -0.0180466 -0.0377237 -0.0528585 -0.0415355 -0.0270603 -0.0206814 -0.0348208 -0.0322642 -0.0228320 -0.0277789 -0.0337507 0.0028019 0.0025215 -0.0260233 -0.0197871 -0.0366556 -0.0265793 -0.0347130 -0.0331094 -0.0363035 -0.0308144 -0.0306143 -0.0325734 -0.0310676 -0.0299346 -0.0310804 -0.0303055 -0.0324580 -0.0304566 -0.0341486 -0.0323579 -0.0307739 -0.0323845 -0.0354005 -0.0321400
0.0673339 0.0690381 0.0675775 0.0682634 0.0684533 0.0720807 0.0704111 0.0705768 0.0717942 0.0671007 0.0633897 0.0653553 0.0671222 0.0681324 0.0701003 0.0737555 -0.0100818 0.0005472 -0.0036760 -0.0225802 -0.0197909 -0.0165251 -0.0187704 -0.0087438 0.8482084 0.0786551 0.0841402 0.0938638 0.1054844 0.1190648 0.1197057 0.1029046 0.0851917 0.0565625 0.0708296 0.0864482 0.0735516 0.0707125 0.0724565 0.0795458 0.0587329 0.0616670 0.0694273 0.0604278 0.0634543 0.0752980 0.0633205 0.0405381 0.0005047 0.0371798 0.0182670 0.0270164 0.0161185 0.0467039 0.0428276 0.0294170 0.0226518 0.0228143 0.0435358 0.0324588 0.0375571 0.0219155 0.0214474 0.0510774 0.0446529 0.0716105 0.0552617 0.0428152 0.0660711 0.0707311 0.0578228 0.0312088 0.0200393 0.0376904 0.0351345 0.0447134 0.0274406 0.0016171 0.0203180 -0.0272364 -0.0365223 0.0462183 0.0450744 0.0422545 0.0073843 0.0266070 -0.1027431 0.0266674 -0.0069646 -0.0370416 -0.0394547 0.0392753 -0.0575874 0.0404061 -0.0826817 -0.2596644 -0.2657445 -0.2593425 -0.2596805 -0.2592607 -0.2577614 -0.2584569 -0.2631334 -0.2625426 -0.2688662 -0.2671560 -0.2673303 -0.2701441 -0.2704094 -0.2709305 -0.2673865 -0.2712183 -0.2694674
0.0641980 0.0660069 0.0648475 0.0633527 0.0628736 0.0671079 0.0662783 0.0669315 0.0631960 0.0617347 0.0580015 0.0585016 0.0621984 0.0568508 0.0671062 0.0716658 -0.0168524 -0.0104850 -0.0064267 -0.0207744 -0.0202615 -0.0064288 -0.0214544 -0.0046134 0.0786551 0.8560466 0.1116683 0.0705417 0.0848521 0.0784398 0.0872299 0.0817396 0.0856721 0.0568115 0.0657805 0.0857762 0.0704108 0.0695626 0.0735315 0.0783798 0.0567191 0.0661972 0.0655754 0.0513668 0.0552988 0.0747021 0.0630331 0.0507048 0.0000785 0.0465920 0.0306831 0.0224656 0.0358288 0.0484424 0.0525667 0.0175954 0.0277571 0.0304899 0.0698106 0.0429156 0.0822637 0.0687388 0.0677864 0.0517300 0.0444557 0.0557443 0.0390905 0.0510678 0.0436167 0.0668067 0.0430202 0.0230679 0.0243406 0.0424268 0.0451066 0.0403882 0.0335167 0.0026374 0.0296416 -0.0318856 -0.0414111 0.0468900 0.0320907 0.0475028 0.0045053 0.0320169 -0.1133083 0.0260204 -0.0117492 -0.0202618 -0.0206104 0.0367064 -0.0557597 0.0269201 -0.0779347 -0.2534590 -0.2604670 -0.2572725 -0.2541761 -0.2563240 -0.2532841 -0.2577506 -0.2588923 -0.2588169 -0.2632630 -0.2619451 -0.2629876 -0.2630492 -0.2620420 -0.2663499 -0.2634567 -0.2637047 -0.2641462
0.0678306 0.0714309 0.0727024 0.0699395 0.0708814 0.0728055 0.0727786 0.0718622 0.0713845 0.0673806 0.0653152 0.0680535 0.0723858 0.0660632 0.0749947 0.0767415 -0.0125328 -0.0029564 -0.0002933 -0.0191333 -0.0122822 -0.0069364 -0.0180884 -0.0095924 0.0841402 0.1116683 0.8508646 0.0774698 0.0815533 0.0887535 0.0871670 0.0890377 0.0817927 0.0565328 0.0672829 0.0807657 0.0751303 0.0681841 0.0733787 0.0782452 0.0595099 0.0653167 0.0678063 0.0581316 0.0587519 0.0725233 0.0657078 0.0456925 -0.0022477 0.0419099 0.0205542 0.0272734 0.0249222 0.0425822 0.0456792 0.0179699 0.0236851 0.0311045 0.0583854 0.0446006 0.0649352 0.0514978 0.0504322 0.0557024 0.0481466 0.0572698 0.0462544 0.0457846 0.0511698 0.0705895 0.0542348 0.0261124 0.0170387 0.0410124 0.0427125 0.0441231 0.0285411 -0.0006676 0.0264213 -0.0402704 -0.0427097 0.0483100 0.0363564 0.0414332 0.0092131 0.0280874 -0.1045481 0.0225084 -0.0108847 -0.0334576 -0.0350982 0.0345327 -0.0551537 0.0354226 -0.0776742 -0.2597232 -0.2655296 -0.2610653 -0.2578827 -0.2606716 -0.2567776 -0.2603332 -0.2613182 -0.2630649 -0.2665735 -0.2656078 -0.2680261 -0.2676729 -0.2681060 -0.2692123 -0.2667456 -0.2695629 -0.2678873
0.0526173 0.0562371 0.0595984 0.0583952 0.0552175 0.0579729 0.0589756 0.0574830 0.0593355 0.0571867 0.0543338 0.0554949 0.0572905 0.0562696 0.0608514 0.0620752 -0.0087989 -0.0084484 -0.0103600 -0.0246141 -0.0227823 -0.0093480 -0.0219300 -0.0089882 0.0938638 0.0705417 0.0774698 0.8623403 0.1071396 0.0911943 0.0890503 0.1030320 0.0686149 0.0505928 0.0599667 0.0788868 0.0713812 0.0638223 0.0674101 0.0615976 0.0636662 0.0674228 0.0642209 0.0503105 0.0522472 0.0775419 0.0725978 0.0439030 -0.0075608 0.0335940 0.0287138 0.0277720 0.0270539 0.0508309 0.0437812 0.0117926 0.0279119 0.0257227 0.0652252 0.0367077 0.0735813 0.0661261 0.0663085 0.0454590 0.0376702 0.0538865 0.0350260 0.0447129 0.0475485 0.0660542 0.0425280 0.0304185 0.0275185 0.0324706 0.0367194 0.0419582 0.0297634 -0.0037132 0.0203144 -0.0349278 -0.0377192 0.0449830 0.0328669 0.0411267 0.0014604 0.0254449 -0.0951903 0.0212579 -0.0195350 -0.0470465 -0.0484712 0.0221469 -0.0578769 0.0272588 -0.0773651 -0.2365399 -0.2417471 -0.2398263 -0.2351504 -0.2358477 -0.2335480 -0.2371601 -0.2395073 -0.2413079 -0.2465163 -0.2427391 -0.2442386 -0.2452432 -0.2437599 -0.2465888 -0.2436022 -0.2470920 -0.2466589
0.0565103 0.0599765 0.0586399 0.0589322 0.0567227 0.0611109 0.0595664 0.0586484 0.0594551 0.0564707 0.0552005 0.0554509 0.0588484 0.0577727 0.0629849 0.0660181 -0.0179435 -0.0049771 -0.0108337 -0.0271033 -0.0258466 -0.0177783 -0.0240403 -0.0151363 0.1054844 0.0848521 0.0815533 0.1071396 0.8569357 0.1011335 0.0956343 0.1103954 0.0753583 0.0542226 0.0633196 0.0790896 0.0689175 0.0692292 0.0725567 0.0699986 0.0594449 0.0582896 0.0649582 0.0530947 0.0525688 0.0715566 0.0613215 0.0463541 0.0076777 0.0375262 0.0279140 0.0176500 0.0292025 0.0498628 0.0464991 0.0182372 0.0268624 0.0324311 0.0638616 0.0386941 0.0744435 0.0626335 0.0619825 0.0531262 0.0423293 0.0607210 0.0442586 0.0459509 0.0494093 0.0681782 0.0479459 0.0301062 0.0223781 0.0395627 0.0397348 0.0417941 0.0308474 -0.0000586 0.0274677 -0.0310965 -0.0352977 0.0491745 0.0322296 0.0444907 0.0036977 0.0226194 -0.1021287 0.0197057 -0.0113531 -0.0327119 -0.0334557 0.0299829 -0.0574180 0.0303405 -0.0770423 -0.2446616 -0.2523565 -0.2482900 -0.2467422 -0.2473894 -0.2446712 -0.2478058 -0.2512091 -0.2509392 -0.2546237 -0.2552985 -0.2541251 -0.2559869 -0.2558372 -0.2570019 -0.2557049 -0.2568505 -0.2567925
0.0531099 0.0565704 0.0576936 0.0553648 0.0532707 0.0590250 0.0592654 0.0557487 0.0572640 0.0521523 0.0490967 0.0501474 0.0543012 0.0507139 0.0606766 0.0625432 -0.0184004 -0.0140163 -0.0180105 -0.0361067 -0.0351034 -0.0274196 -0.0316041 -0.0222252 0.1190648 0.0784398 0.0887535 0.0911943 0.1011335 0.8569713 0.1195428 0.1031661 0.0773435 0.0567003 0.0712703 0.0841954 0.0764657 0.0807504 0.0726994 0.0787377 0.0591397 0.0677339 0.0757071 0.0598236 0.0614876 0.0765092 0.0693058 0.0569080 0.0042529 0.0388217 0.0223286 0.0291777 0.0268269 0.0497249 0.0581412 0.0232956 0.0256167 0.0298613 0.0565024 0.0371810 0.0653438 0.0522677 0.0527025 0.0584632 0.0468493 0.0700814 0.0549032 0.0580197 0.0677138 0.0773571 0.0606025 0.0334037 0.0295491 0.0370561 0.0371920 0.0543916 0.0295074 0.0034904 0.0274628 -0.0282089 -0.0297158 0.0581182 0.0446676 0.0452333 0.0139647 0.0352963 -0.1053316 0.0286840 -0.0087468 -0.0326090 -0.0339864 0.0386020 -0.0549024 0.0407178 -0.0790498 -0.2560204 -0.2640295 -0.2583458 -0.2573179 -0.2579156 -0.2547378 -0.2575921 -0.2605036 -0.2603867 -0.2661638 -0.2649095 -0.2653874 -0.2652804 -0.2676212 -0.2669333 -0.2665420 -0.2681739 -0.2677507
0.0648074 0.0672787 0.0695212 0.0655621 0.0667579 0.0655826 0.0679779 0.0672775 0.0662022 0.0622265 0.0608921 0.0614276 0.0645120 0.0605585 0.0713311 0.0733701 -0.0204374 -0.0099936 -0.0123462 -0.0335330 -0.0252798 -0.0193186 -0.0235983 -0.0181112 0.1197057 0.0872299 0.0871670 0.0890503 0.0956343 0.1195428 0.8539699 0.1022731 0.0876697 0.0617516 0.0737292 0.0923257 0.0817202 0.0826103 0.0827757 0.0846646 0.0659182 0.0675549 0.0789134 0.0627504 0.0647668 0.0856061 0.0698542 0.0590192 -0.0021297 0.0502114 0.0277728 0.0349661 0.0324846 0.0519412 0.0589173 0.0284682 0.0237208 0.0288374 0.0661230 0.0387703 0.0590191 0.0443557 0.0442019 0.0546785 0.0522257 0.0707385 0.0568277 0.0600274 0.0654724 0.0838902 0.0593200 0.0290853 0.0278481 0.0457686 0.0455915 0.0459177 0.0311795 0.0030896 0.0275580 -0.0301626 -0.0378330 0.0527505 0.0441568 0.0484353 0.0093591 0.0326373 -0.1103678 0.0309352 -0.0077818 -0.0212982 -0.0221506 0.0432835 -0.0643043 0.0500155 -0.0854882 -0.2761260 -0.2829798 -0.2760942 -0.2762024 -0.2763511 -0.2731214 -0.2773180 -0.2793302 -0.2808436 -0.2848145 -0.2842604 -0.2842644 -0.2848285 -0.2861073 -0.2858688 -0.2864241 -0.2865587 -0.2855518
0.0499987 0.0555055 0.0533730 0.0527263 0.0508864 0.0536490 0.0544671 0.0537457 0.0561004 0.0508431 0.0455153 0.0491696 0.0530223 0.0494150 0.0565253 0.0639132 -0.0209990 -0.0165438 -0.0214072 -0.0411301 -0.0352634 -0.0304419 -0.0326152 -0.0212769 0.1029046 0.0817396 0.0890377 0.1030320 0.1103954 0.1031661 0.1022731 0.8604295 0.0823596 0.0514235 0.0639194 0.0876845 0.0738416 0.0674815 0.0737726 0.0694960 0.0599998 0.0700959 0.0642761 0.0535810 0.0537442 0.0813608 0.0709293 0.0366958 -0.0033382 0.0371341 0.0178922 0.0361904 0.0153548 0.0565246 0.0539532 0.0244152 0.0279005 0.0336854 0.0562399 0.0448315 0.0691881 0.0621710 0.0621938 0.0441139 0.0386861 0.0667998 0.0572547 0.0379024 0.0638947 0.0731701 0.0658202 0.0405151 0.0272824 0.0331465 0.0356722 0.0541612 0.0372452 -0.0033011 0.0229366 -0.0240122 -0.0267903 0.0590828 0.0382793 0.0451476 0.0135232 0.0318763 -0.0916898 0.0206140 -0.0069206 -0.0756926 -0.0767094 0.0283518 -0.0465119 0.0489850 -0.0754266 -0.2429026 -0.2481769 -0.2427010 -0.2425220 -0.2422627 -0.2400876 -0.2434272 -0.2458848 -0.2461377 -0.2500953 -0.2492881 -0.2515091 -0.2523862 -0.2533248 -0.2533508 -0.2524636 -0.2537280 -0.2521256
0.0668206 0.0666581 0.0688643 0.0679304 0.0663291 0.0699968 0.0706881 0.0705207 0.0680353 0.0662229 0.0618245 0.0638114 0.0683366 0.0623831 0.0714075 0.0780454 -0.0248679 -0.0078254 -0.0111251 -0.0227922 -0.0305903 -0.0119281 -0.0230980 -0.0159240 0.0851917 0.0856721 0.0817927 0.0686149 0.0753583 0.0773435 0.0876697 0.0823596 0.8539390 0.0635889 0.0787740 0.0976069 0.0782829 0.0873794 0.0912096 0.0902168 0.0609765 0.0702117 0.0815724 0.0637981 0.0659741 0.0726310 0.0642105 0.0722501 0.0045451 0.0596295 0.0366678 0.0241233 0.0415133 0.0494186 0.0544763 0.0267306 0.0298274 0.0333261 0.0767294 0.0417271 0.0740261 0.0634894 0.0620901 0.0654048 0.0581098 0.0659313 0.0542238 0.0709262 0.0555818 0.0764457 0.0537157 0.0267280 0.0243480 0.0516952 0.0481056 0.0460282 0.0350317 0.0117244 0.0306269 -0.0326115 -0.0402733 0.0468391 0.0388984 0.0478678 0.0071693 0.0373654 -0.1189221 0.0359784 -0.0047414 0.0051744 0.0045456 0.0435824 -0.0663091 0.0313740 -0.0738600 -0.2813691 -0.2843008 -0.2822438 -0.2814191 -0.2806951 -0.2782637 -0.2806049 -0.2844732 -0.2849558 -0.2902415 -0.2886532 -0.2896153 -0.2896158 -0.2906760 -0.2911460 -0.2885854 -0.2893251 -0.2904048
0.0572145 0.0590548 0.0593671 0.0579896 0.0585875 0.0578647 0.0607730 0.0601825 0.0583043 0.0566497 0.0555351 0.0565207 0.0578438 0.0569931 0.0589297 0.0588191 -0.0091102 0.0059667 0.0053188 -0.0002460 -0.0081237 0.0093310 -0.0038510 0.0032194 0.0565625 0.0568115 0.0565328 0.0505928 0.0542226 0.0567003 0.0617516 0.0514235 0.0635889 0.9267542 0.0515646 0.0616657 0.0556908 0.0572799 0.0597806 0.0585698 0.0420621 0.0425164 0.0567196 0.0445894 0.0481541 0.0497939 0.0445959 0.0568870 0.0069380 0.0430412 0.0307286 0.0133915 0.0360790 0.0313498 0.0371775 0.0192781 0.0192893 0.0225599 0.0493051 0.0290919 0.0474881 0.0390326 0.0385039 0.0489344 0.0433474 0.0422408 0.0336592 0.0576534 0.0340479 0.0524601 0.0341033 0.0123842 0.0188077 0.0369894 0.0356704 0.0286883 0.0213901 0.0139022 0.0245022 -0.0272408 -0.0334400 0.0259794 0.0263089 0.0327402 0.0030497 0.0210220 -0.0854082 0.0244822 -0.0034678 0.0399163 0.0393745 0.0355030 -0.0470453 0.0223684 -0.0552009 -0.1992487 -0.2035696 -0.2008981 -0.1996798 -0.1988742 -0.1972090 -0.1992084 -0.2015120 -0.2029224 -0.2065134 -0.2053141 -0.2065984 -0.2061859 -0.2071574 -0.2083018 -0.2068365 -0.2080801 -0.2071578
